Name,Date,Open,High,Low,Close,Volume
AIP018,20111123,100.03,100.03,100.03,100.03,0
AIP018,20111124,100.03,100.03,100.03,100.03,0
AIP018,20111125,100.04,100.04,100.04,100.04,0
AIP018,20111128,100.05,100.05,100.05,100.05,0
AIP018,20111129,100.05,100.05,100.05,100.05,0
AIP018,20111130,100.06,100.06,100.06,100.06,0
AIP018,20111201,100.81,100.81,100.81,100.81,0
AIP018,20111202,100.88,100.88,100.88,100.88,0
AIP018,20111205,101.24,101.24,101.24,101.24,0
AIP018,20111206,101.17,101.17,101.17,101.17,0
AIP018,20111207,101.07,101.07,101.07,101.07,0
AIP018,20111208,100.98,100.98,100.98,100.98,0
AIP018,20111209,101.31,101.31,101.31,101.31,0
AIP018,20111212,101.21,101.21,101.21,101.21,0
AIP018,20111213,101.25,101.25,101.25,101.25,0
AIP018,20111214,101.21,101.21,101.21,101.21,0
AIP018,20111215,101.28,101.28,101.28,101.28,0
AIP018,20111216,101.32,101.32,101.32,101.32,0
AIP018,20111219,101.34,101.34,101.34,101.34,0
AIP018,20111220,101.45,101.45,101.45,101.45,0
AIP018,20111221,101.59,101.59,101.59,101.59,0
AIP018,20111222,101.70,101.70,101.70,101.70,0
AIP018,20111223,101.73,101.73,101.73,101.73,0
AIP018,20111227,101.66,101.66,101.66,101.66,0
AIP018,20111228,101.71,101.71,101.71,101.71,0
AIP018,20111229,101.74,101.74,101.74,101.74,0
AIP018,20111230,101.70,101.70,101.70,101.70,0
AIP018,20120102,101.91,101.91,101.91,101.91,0
AIP018,20120103,101.80,101.80,101.80,101.80,0
AIP018,20120104,101.75,101.75,101.75,101.75,0
AIP018,20120105,101.73,101.73,101.73,101.73,0
AIP018,20120109,101.81,101.81,101.81,101.81,0
AIP018,20120110,102.17,102.17,102.17,102.17,0
AIP018,20120111,102.12,102.12,102.12,102.12,0
AIP018,20120112,102.24,102.24,102.24,102.24,0
AIP018,20120113,102.12,102.12,102.12,102.12,0
AIP018,20120116,102.22,102.22,102.22,102.22,0
AIP018,20120117,102.38,102.38,102.38,102.38,0
AIP018,20120118,102.30,102.30,102.30,102.30,0
AIP018,20120119,102.89,102.89,102.89,102.89,0
AIP018,20120120,102.87,102.87,102.87,102.87,0
AIP018,20120123,103.34,103.34,103.34,103.34,0
AIP018,20120124,102.97,102.97,102.97,102.97,0
AIP018,20120125,102.91,102.91,102.91,102.91,0
AIP018,20120126,103.04,103.04,103.04,103.04,0
AIP018,20120127,103.30,103.30,103.30,103.30,0
AIP018,20120130,103.34,103.34,103.34,103.34,0
AIP018,20120131,103.50,103.50,103.50,103.50,0
AIP018,20120201,103.47,103.47,103.47,103.47,0
AIP018,20120202,103.55,103.55,103.55,103.55,0
AIP018,20120203,103.69,103.69,103.69,103.69,0
AIP018,20120206,103.65,103.65,103.65,103.65,0
AIP018,20120207,103.78,103.78,103.78,103.78,0
AIP018,20120208,103.75,103.75,103.75,103.75,0
AIP018,20120209,103.73,103.73,103.73,103.73,0
AIP018,20120210,103.61,103.61,103.61,103.61,0
AIP018,20120213,103.69,103.69,103.69,103.69,0
AIP018,20120214,103.88,103.88,103.88,103.88,0
AIP018,20120215,103.86,103.86,103.86,103.86,0
AIP018,20120216,103.88,103.88,103.88,103.88,0
AIP018,20120217,103.66,103.66,103.66,103.66,0
AIP018,20120220,103.85,103.85,103.85,103.85,0
AIP018,20120221,103.97,103.97,103.97,103.97,0
AIP018,20120222,104.07,104.07,104.07,104.07,0
AIP018,20120223,104.14,104.14,104.14,104.14,0
AIP018,20120224,104.49,104.49,104.49,104.49,0
AIP018,20120227,104.62,104.62,104.62,104.62,0
AIP018,20120228,104.63,104.63,104.63,104.63,0
AIP018,20120229,105.23,105.23,105.23,105.23,0
AIP018,20120301,105.20,105.20,105.20,105.20,0
AIP018,20120302,105.32,105.32,105.32,105.32,0
AIP018,20120305,105.23,105.23,105.23,105.23,0
AIP018,20120306,105.07,105.07,105.07,105.07,0
AIP018,20120307,105.13,105.13,105.13,105.13,0
AIP018,20120308,105.25,105.25,105.25,105.25,0
AIP018,20120309,105.48,105.48,105.48,105.48,0
AIP018,20120312,105.54,105.54,105.54,105.54,0
AIP018,20120313,105.54,105.54,105.54,105.54,0
AIP018,20120314,105.40,105.40,105.40,105.40,0
AIP018,20120315,105.35,105.35,105.35,105.35,0
AIP018,20120316,105.26,105.26,105.26,105.26,0
AIP018,20120319,105.33,105.33,105.33,105.33,0
AIP018,20120320,105.30,105.30,105.30,105.30,0
AIP018,20120321,105.14,105.14,105.14,105.14,0
AIP018,20120322,105.19,105.19,105.19,105.19,0
AIP018,20120323,105.24,105.24,105.24,105.24,0
AIP018,20120326,105.24,105.24,105.24,105.24,0
AIP018,20120327,105.23,105.23,105.23,105.23,0
AIP018,20120328,105.11,105.11,105.11,105.11,0
AIP018,20120329,105.15,105.15,105.15,105.15,0
AIP018,20120330,105.31,105.31,105.31,105.31,0
AIP018,20120402,105.38,105.38,105.38,105.38,0
AIP018,20120403,105.45,105.45,105.45,105.45,0
AIP018,20120404,105.25,105.25,105.25,105.25,0
AIP018,20120405,105.10,105.10,105.10,105.10,0
AIP018,20120410,105.07,105.07,105.07,105.07,0
AIP018,20120411,105.25,105.25,105.25,105.25,0
AIP018,20120412,105.32,105.32,105.32,105.32,0
AIP018,20120413,105.18,105.18,105.18,105.18,0
AIP018,20120416,105.12,105.12,105.12,105.12,0
AIP018,20120417,105.23,105.23,105.23,105.23,0
AIP018,20120418,105.19,105.19,105.19,105.19,0
AIP018,20120419,105.45,105.45,105.45,105.45,0
AIP018,20120420,105.55,105.55,105.55,105.55,0
AIP018,20120424,105.62,105.62,105.62,105.62,0
AIP018,20120425,105.76,105.76,105.76,105.76,0
AIP018,20120426,105.75,105.75,105.75,105.75,0
AIP018,20120427,105.73,105.73,105.73,105.73,0
AIP018,20120430,105.72,105.72,105.72,105.72,0
AIP018,20120502,105.83,105.83,105.83,105.83,0
AIP018,20120504,105.95,105.95,105.95,105.95,0
AIP018,20120507,105.97,105.97,105.97,105.97,0
AIP018,20120508,105.73,105.73,105.73,105.73,0
AIP018,20120509,105.56,105.56,105.56,105.56,0
AIP018,20120510,105.62,105.62,105.62,105.62,0
AIP018,20120511,105.59,105.59,105.59,105.59,0
AIP018,20120514,105.32,105.32,105.32,105.32,0
AIP018,20120515,105.32,105.32,105.32,105.32,0
AIP018,20120516,105.39,105.39,105.39,105.39,0
AIP018,20120517,105.20,105.20,105.20,105.20,0
AIP018,20120518,105.32,105.32,105.32,105.32,0
AIP018,20120521,105.44,105.44,105.44,105.44,0
AIP018,20120522,105.56,105.56,105.56,105.56,0
AIP018,20120523,105.27,105.27,105.27,105.27,0
AIP018,20120524,105.39,105.39,105.39,105.39,0
AIP018,20120528,105.62,105.62,105.62,105.62,0
AIP018,20120529,105.68,105.68,105.68,105.68,0
AIP018,20120530,105.48,105.48,105.48,105.48,0
AIP018,20120531,105.49,105.49,105.49,105.49,0
AIP018,20120601,105.57,105.57,105.57,105.57,0
AIP018,20120604,105.72,105.72,105.72,105.72,0
AIP018,20120605,105.79,105.79,105.79,105.79,0
AIP018,20120606,105.92,105.92,105.92,105.92,0
AIP018,20120608,106.00,106.00,106.00,106.00,0
AIP018,20120611,105.99,105.99,105.99,105.99,0
AIP018,20120612,106.02,106.02,106.02,106.02,0
AIP018,20120613,106.17,106.17,106.17,106.17,0
AIP018,20120614,106.17,106.17,106.17,106.17,0
AIP018,20120615,106.24,106.24,106.24,106.24,0
AIP018,20120618,106.28,106.28,106.28,106.28,0
AIP018,20120619,106.66,106.66,106.66,106.66,0
AIP018,20120620,106.86,106.86,106.86,106.86,0
AIP018,20120621,106.92,106.92,106.92,106.92,0
AIP018,20120622,106.86,106.86,106.86,106.86,0
AIP018,20120625,106.82,106.82,106.82,106.82,0
AIP018,20120626,106.85,106.85,106.85,106.85,0
AIP018,20120627,106.92,106.92,106.92,106.92,0
AIP018,20120628,106.85,106.85,106.85,106.85,0
AIP018,20120629,107.09,107.09,107.09,107.09,0
AIP018,20120702,107.02,107.02,107.02,107.02,0
AIP018,20120703,107.23,107.23,107.23,107.23,0
AIP018,20120704,107.15,107.15,107.15,107.15,0
AIP018,20120705,106.95,106.95,106.95,106.95,0
AIP018,20120706,106.93,106.93,106.93,106.93,0
AIP018,20120709,106.99,106.99,106.99,106.99,0
AIP018,20120710,107.15,107.15,107.15,107.15,0
AIP018,20120711,107.39,107.39,107.39,107.39,0
AIP018,20120712,107.85,107.85,107.85,107.85,0
AIP018,20120713,108.31,108.31,108.31,108.31,0
AIP018,20120716,108.51,108.51,108.51,108.51,0
AIP018,20120717,108.59,108.59,108.59,108.59,0
AIP018,20120718,108.78,108.78,108.78,108.78,0
AIP018,20120719,108.90,108.90,108.90,108.90,0
AIP018,20120720,108.80,108.80,108.80,108.80,0
AIP018,20120723,108.73,108.73,108.73,108.73,0
AIP018,20120724,108.62,108.62,108.62,108.62,0
AIP018,20120725,108.80,108.80,108.80,108.80,0
AIP018,20120726,108.99,108.99,108.99,108.99,0
AIP018,20120727,109.01,109.01,109.01,109.01,0
AIP018,20120730,109.18,109.18,109.18,109.18,0
AIP018,20120731,109.27,109.27,109.27,109.27,0
AIP018,20120801,109.57,109.57,109.57,109.57,0
AIP018,20120802,109.46,109.46,109.46,109.46,0
AIP018,20120803,109.97,109.97,109.97,109.97,0
AIP018,20120806,109.93,109.93,109.93,109.93,0
AIP018,20120807,109.50,109.50,109.50,109.50,0
AIP018,20120808,109.57,109.57,109.57,109.57,0
AIP018,20120809,109.34,109.34,109.34,109.34,0
AIP018,20120813,109.20,109.20,109.20,109.20,0
AIP018,20120814,109.30,109.30,109.30,109.30,0
AIP018,20120816,109.42,109.42,109.42,109.42,0
AIP018,20120817,109.44,109.44,109.44,109.44,0
AIP018,20120820,109.50,109.50,109.50,109.50,0
AIP018,20120821,109.63,109.63,109.63,109.63,0
AIP018,20120822,109.56,109.56,109.56,109.56,0
AIP018,20120823,109.53,109.53,109.53,109.53,0
AIP018,20120824,109.60,109.60,109.60,109.60,0
AIP018,20120827,109.65,109.65,109.65,109.65,0
AIP018,20120828,109.70,109.70,109.70,109.70,0
AIP018,20120829,109.79,109.79,109.79,109.79,0
AIP018,20120830,109.82,109.82,109.82,109.82,0
AIP018,20120831,109.98,109.98,109.98,109.98,0
AIP018,20120903,110.21,110.21,110.21,110.21,0
AIP018,20120904,110.46,110.46,110.46,110.46,0
AIP018,20120905,110.40,110.40,110.40,110.40,0
AIP018,20120906,110.58,110.58,110.58,110.58,0
AIP018,20120907,110.51,110.51,110.51,110.51,0
AIP018,20120910,110.42,110.42,110.42,110.42,0
AIP018,20120911,110.50,110.50,110.50,110.50,0
AIP018,20120912,110.49,110.49,110.49,110.49,0
AIP018,20120913,110.56,110.56,110.56,110.56,0
AIP018,20120914,110.35,110.35,110.35,110.35,0
AIP018,20120917,110.28,110.28,110.28,110.28,0
AIP018,20120918,110.40,110.40,110.40,110.40,0
AIP018,20120919,110.32,110.32,110.32,110.32,0
AIP018,20120920,110.35,110.35,110.35,110.35,0
AIP018,20120921,110.46,110.46,110.46,110.46,0
AIP018,20120924,110.35,110.35,110.35,110.35,0
AIP018,20120925,110.58,110.58,110.58,110.58,0
AIP018,20120926,110.65,110.65,110.65,110.65,0
AIP018,20120927,110.86,110.86,110.86,110.86,0
AIP018,20120928,110.94,110.94,110.94,110.94,0
AIP018,20121001,110.99,110.99,110.99,110.99,0
AIP018,20121002,111.10,111.10,111.10,111.10,0
AIP018,20121003,111.13,111.13,111.13,111.13,0
AIP018,20121004,111.11,111.11,111.11,111.11,0
AIP018,20121005,111.40,111.40,111.40,111.40,0
AIP018,20121008,111.41,111.41,111.41,111.41,0
AIP018,20121009,111.41,111.41,111.41,111.41,0
AIP018,20121010,111.58,111.58,111.58,111.58,0
AIP018,20121011,111.89,111.89,111.89,111.89,0
AIP018,20121012,112.07,112.07,112.07,112.07,0
AIP018,20121015,112.20,112.20,112.20,112.20,0
AIP018,20121016,112.15,112.15,112.15,112.15,0
AIP018,20121017,112.26,112.26,112.26,112.26,0
AIP018,20121018,112.39,112.39,112.39,112.39,0
AIP018,20121019,112.63,112.63,112.63,112.63,0
AIP018,20121022,112.62,112.62,112.62,112.62,0
AIP018,20121023,112.44,112.44,112.44,112.44,0
AIP018,20121024,112.36,112.36,112.36,112.36,0
AIP018,20121025,112.31,112.31,112.31,112.31,0
AIP018,20121026,112.34,112.34,112.34,112.34,0
AIP018,20121029,112.22,112.22,112.22,112.22,0
AIP018,20121030,112.11,112.11,112.11,112.11,0
AIP018,20121031,112.30,112.30,112.30,112.30,0
AIP018,20121102,112.68,112.68,112.68,112.68,0
AIP018,20121105,112.86,112.86,112.86,112.86,0
AIP018,20121106,112.92,112.92,112.92,112.92,0
AIP018,20121107,113.29,113.29,113.29,113.29,0
AIP018,20121108,113.38,113.38,113.38,113.38,0
AIP018,20121109,113.55,113.55,113.55,113.55,0
AIP018,20121112,113.61,113.61,113.61,113.61,0
AIP018,20121113,113.79,113.79,113.79,113.79,0
AIP018,20121114,113.77,113.77,113.77,113.77,0
AIP018,20121115,113.72,113.72,113.72,113.72,0
AIP018,20121116,113.66,113.66,113.66,113.66,0
AIP018,20121119,113.66,113.66,113.66,113.66,0
AIP018,20121120,113.64,113.64,113.64,113.64,0
AIP018,20121121,113.76,113.76,113.76,113.76,0
AIP018,20121122,113.72,113.72,113.72,113.72,0
AIP018,20121123,113.83,113.83,113.83,113.83,0
AIP018,20121126,114.02,114.02,114.02,114.02,0
AIP018,20121127,114.27,114.27,114.27,114.27,0
AIP018,20121128,114.52,114.52,114.52,114.52,0
AIP018,20121129,114.75,114.75,114.75,114.75,0
AIP018,20121130,114.89,114.89,114.89,114.89,0
AIP018,20121203,114.75,114.75,114.75,114.75,0
AIP018,20121204,114.68,114.68,114.68,114.68,0
AIP018,20121205,114.84,114.84,114.84,114.84,0
AIP018,20121206,114.94,114.94,114.94,114.94,0
AIP018,20121207,115.32,115.32,115.32,115.32,0
AIP018,20121210,115.66,115.66,115.66,115.66,0
AIP018,20121211,115.68,115.68,115.68,115.68,0
AIP018,20121212,115.73,115.73,115.73,115.73,0
AIP018,20121213,115.71,115.71,115.71,115.71,0
AIP018,20121214,115.89,115.89,115.89,115.89,0
AIP018,20121217,116.21,116.21,116.21,116.21,0
AIP018,20121218,116.49,116.49,116.49,116.49,0
AIP018,20121219,116.74,116.74,116.74,116.74,0
AIP018,20121220,116.99,116.99,116.99,116.99,0
AIP018,20121221,116.99,116.99,116.99,116.99,0
AIP018,20121227,117.02,117.02,117.02,117.02,0
AIP018,20121228,117.04,117.04,117.04,117.04,0
AIP018,20130102,117.21,117.21,117.21,117.21,0
AIP018,20130103,117.15,117.15,117.15,117.15,0
AIP018,20130104,117.09,117.09,117.09,117.09,0
AIP018,20130107,117.07,117.07,117.07,117.07,0
AIP018,20130108,117.31,117.31,117.31,117.31,0
AIP018,20130109,117.37,117.37,117.37,117.37,0
AIP018,20130110,117.25,117.25,117.25,117.25,0
AIP018,20130111,116.95,116.95,116.95,116.95,0
AIP018,20130114,117.18,117.18,117.18,117.18,0
AIP018,20130115,117.07,117.07,117.07,117.07,0
AIP018,20130116,117.27,117.27,117.27,117.27,0
AIP018,20130117,117.38,117.38,117.38,117.38,0
AIP018,20130118,117.43,117.43,117.43,117.43,0
AIP018,20130121,117.70,117.70,117.70,117.70,0
AIP018,20130122,117.47,117.47,117.47,117.47,0
AIP018,20130123,117.56,117.56,117.56,117.56,0
AIP018,20130124,117.65,117.65,117.65,117.65,0
AIP018,20130125,117.59,117.59,117.59,117.59,0
AIP018,20130128,117.40,117.40,117.40,117.40,0
AIP018,20130129,117.49,117.49,117.49,117.49,0
AIP018,20130130,117.08,117.08,117.08,117.08,0
AIP018,20130131,116.96,116.96,116.96,116.96,0
AIP018,20130201,116.55,116.55,116.55,116.55,0
AIP018,20130204,116.38,116.38,116.38,116.38,0
AIP018,20130205,116.50,116.50,116.50,116.50,0
AIP018,20130206,116.74,116.74,116.74,116.74,0
AIP018,20130207,116.75,116.75,116.75,116.75,0
AIP018,20130208,116.96,116.96,116.96,116.96,0
AIP018,20130211,116.83,116.83,116.83,116.83,0
AIP018,20130212,116.88,116.88,116.88,116.88,0
AIP018,20130213,116.91,116.91,116.91,116.91,0
AIP018,20130214,116.88,116.88,116.88,116.88,0
AIP018,20130215,117.04,117.04,117.04,117.04,0
AIP018,20130218,117.13,117.13,117.13,117.13,0
AIP018,20130219,117.04,117.04,117.04,117.04,0
AIP018,20130220,116.89,116.89,116.89,116.89,0
AIP018,20130221,117.01,117.01,117.01,117.01,0
AIP018,20130222,116.93,116.93,116.93,116.93,0
AIP018,20130225,116.76,116.76,116.76,116.76,0
AIP018,20130226,116.54,116.54,116.54,116.54,0
AIP018,20130227,116.72,116.72,116.72,116.72,0
AIP018,20130228,116.91,116.91,116.91,116.91,0
AIP018,20130301,116.93,116.93,116.93,116.93,0
AIP018,20130304,116.98,116.98,116.98,116.98,0
AIP018,20130305,117.03,117.03,117.03,117.03,0
AIP018,20130306,117.37,117.37,117.37,117.37,0
AIP018,20130307,117.42,117.42,117.42,117.42,0
AIP018,20130308,117.43,117.43,117.43,117.43,0
AIP018,20130311,117.37,117.37,117.37,117.37,0
AIP018,20130312,117.58,117.58,117.58,117.58,0
AIP018,20130313,117.92,117.92,117.92,117.92,0
AIP018,20130314,117.95,117.95,117.95,117.95,0
AIP018,20130315,118.17,118.17,118.17,118.17,0
AIP018,20130318,117.99,117.99,117.99,117.99,0
AIP018,20130319,117.77,117.77,117.77,117.77,0
AIP018,20130320,117.68,117.68,117.68,117.68,0
AIP018,20130321,117.64,117.64,117.64,117.64,0
AIP018,20130322,117.54,117.54,117.54,117.54,0
AIP018,20130325,117.67,117.67,117.67,117.67,0
AIP018,20130326,117.40,117.40,117.40,117.40,0
AIP018,20130327,116.92,116.92,116.92,116.92,0
AIP018,20130328,116.81,116.81,116.81,116.81,0
AIP018,20130402,117.28,117.28,117.28,117.28,0
AIP018,20130403,117.48,117.48,117.48,117.48,0
AIP018,20130404,117.93,117.93,117.93,117.93,0
AIP018,20130405,118.62,118.62,118.62,118.62,0
AIP018,20130408,119.35,119.35,119.35,119.35,0
AIP018,20130409,119.14,119.14,119.14,119.14,0
AIP018,20130410,118.98,118.98,118.98,118.98,0
AIP018,20130411,119.05,119.05,119.05,119.05,0
AIP018,20130412,118.70,118.70,118.70,118.70,0
AIP018,20130415,119.11,119.11,119.11,119.11,0
AIP018,20130417,119.43,119.43,119.43,119.43,0
AIP018,20130418,119.64,119.64,119.64,119.64,0
AIP018,20130419,119.77,119.77,119.77,119.77,0
AIP018,20130422,120.08,120.08,120.08,120.08,0
AIP018,20130423,120.43,120.43,120.43,120.43,0
AIP018,20130424,120.62,120.62,120.62,120.62,0
AIP018,20130425,120.70,120.70,120.70,120.70,0
AIP018,20130426,120.67,120.67,120.67,120.67,0
AIP018,20130429,120.92,120.92,120.92,120.92,0
AIP018,20130430,121.10,121.10,121.10,121.10,0
AIP018,20130502,121.39,121.39,121.39,121.39,0
AIP018,20130506,121.59,121.59,121.59,121.59,0
AIP018,20130507,121.80,121.80,121.80,121.80,0
AIP018,20130508,121.88,121.88,121.88,121.88,0
AIP018,20130509,122.39,122.39,122.39,122.39,0
AIP018,20130510,122.15,122.15,122.15,122.15,0
AIP018,20130513,121.65,121.65,121.65,121.65,0
AIP018,20130514,121.72,121.72,121.72,121.72,0
AIP018,20130515,121.64,121.64,121.64,121.64,0
AIP018,20130516,121.56,121.56,121.56,121.56,0
AIP018,20130517,121.61,121.61,121.61,121.61,0
AIP018,20130520,121.68,121.68,121.68,121.68,0
AIP018,20130521,121.48,121.48,121.48,121.48,0
AIP018,20130522,124.69,124.69,124.69,124.69,0
AIP018,20130523,120.89,120.89,120.89,120.89,0
AIP018,20130524,120.76,120.76,120.76,120.76,0
AIP018,20130527,120.85,120.85,120.85,120.85,0
AIP018,20130528,120.71,120.71,120.71,120.71,0
AIP018,20130529,120.06,120.06,120.06,120.06,0
AIP018,20130531,119.86,119.86,119.86,119.86,0
AIP018,20130603,119.86,119.86,119.86,119.86,0
AIP018,20130604,120.09,120.09,120.09,120.09,0
AIP018,20130605,119.85,119.85,119.85,119.85,0
AIP018,20130606,119.12,119.12,119.12,119.12,0
AIP018,20130607,118.95,118.95,118.95,118.95,0
AIP018,20130610,118.59,118.59,118.59,118.59,0
AIP018,20130611,117.06,117.06,117.06,117.06,0
AIP018,20130612,117.57,117.57,117.57,117.57,0
AIP018,20130613,117.39,117.39,117.39,117.39,0
AIP018,20130614,118.81,118.81,118.81,118.81,0
AIP018,20130617,118.58,118.58,118.58,118.58,0
AIP018,20130618,118.28,118.28,118.28,118.28,0
AIP018,20130619,118.41,118.41,118.41,118.41,0
AIP018,20130620,116.68,116.68,116.68,116.68,0
AIP018,20130621,115.41,115.41,115.41,115.41,0
AIP018,20130624,113.35,113.35,113.35,113.35,0
AIP018,20130625,114.38,114.38,114.38,114.38,0
AIP018,20130626,114.76,114.76,114.76,114.76,0
AIP018,20130628,115.67,115.67,115.67,115.67,0
AIP018,20130701,116.18,116.18,116.18,116.18,0
AIP018,20130702,117.03,117.03,117.03,117.03,0
AIP018,20130703,116.51,116.51,116.51,116.51,0
AIP018,20130704,116.94,116.94,116.94,116.94,0
AIP018,20130705,116.97,116.97,116.97,116.97,0
AIP018,20130708,116.91,116.91,116.91,116.91,0
AIP018,20130709,117.05,117.05,117.05,117.05,0
AIP018,20130710,117.11,117.11,117.11,117.11,0
AIP018,20130711,117.36,117.36,117.36,117.36,0
AIP018,20130712,117.48,117.48,117.48,117.48,0
AIP018,20130715,117.59,117.59,117.59,117.59,0
AIP018,20130716,117.95,117.95,117.95,117.95,0
AIP018,20130717,118.28,118.28,118.28,118.28,0
AIP018,20130718,118.51,118.51,118.51,118.51,0
AIP018,20130719,118.81,118.81,118.81,118.81,0
AIP018,20130722,118.85,118.85,118.85,118.85,0
AIP018,20130723,118.67,118.67,118.67,118.67,0
AIP018,20130724,118.62,118.62,118.62,118.62,0
AIP018,20130725,118.37,118.37,118.37,118.37,0
AIP018,20130726,118.68,118.68,118.68,118.68,0
AIP018,20130729,118.73,118.73,118.73,118.73,0
AIP018,20130730,118.66,118.66,118.66,118.66,0
AIP018,20130731,118.43,118.43,118.43,118.43,0
AIP018,20130801,118.25,118.25,118.25,118.25,0
AIP018,20130802,118.23,118.23,118.23,118.23,0
AIP018,20130805,118.36,118.36,118.36,118.36,0
AIP018,20130806,118.30,118.30,118.30,118.30,0
AIP018,20130807,118.29,118.29,118.29,118.29,0
AIP018,20130808,118.23,118.23,118.23,118.23,0
AIP018,20130809,118.27,118.27,118.27,118.27,0
AIP018,20130812,118.49,118.49,118.49,118.49,0
AIP018,20130813,118.40,118.40,118.40,118.40,0
AIP018,20130814,118.31,118.31,118.31,118.31,0
AIP018,20130816,118.11,118.11,118.11,118.11,0
AIP018,20130819,117.77,117.77,117.77,117.77,0
AIP018,20130820,117.98,117.98,117.98,117.98,0
AIP018,20130821,117.57,117.57,117.57,117.57,0
AIP018,20130822,117.32,117.32,117.32,117.32,0
AIP018,20130823,117.50,117.50,117.50,117.50,0
AIP018,20130826,117.80,117.80,117.80,117.80,0
AIP018,20130827,117.71,117.71,117.71,117.71,0
AIP018,20130828,117.49,117.49,117.49,117.49,0
AIP018,20130829,117.54,117.54,117.54,117.54,0
AIP018,20130830,117.60,117.60,117.60,117.60,0
AIP018,20130902,117.50,117.50,117.50,117.50,0
AIP018,20130903,117.51,117.51,117.51,117.51,0
AIP018,20130904,117.24,117.24,117.24,117.24,0
AIP018,20130905,116.98,116.98,116.98,116.98,0
AIP018,20130906,117.07,117.07,117.07,117.07,0
AIP018,20130909,117.30,117.30,117.30,117.30,0
AIP018,20130910,117.37,117.37,117.37,117.37,0
AIP018,20130911,117.66,117.66,117.66,117.66,0
AIP018,20130912,117.44,117.44,117.44,117.44,0
AIP018,20130913,117.47,117.47,117.47,117.47,0
AIP018,20130916,117.90,117.90,117.90,117.90,0
AIP018,20130917,117.73,117.73,117.73,117.73,0
AIP018,20130918,117.97,117.97,117.97,117.97,0
AIP018,20130919,118.75,118.75,118.75,118.75,0
AIP018,20130920,118.65,118.65,118.65,118.65,0
AIP018,20130923,118.66,118.66,118.66,118.66,0
AIP018,20130924,118.49,118.49,118.49,118.49,0
AIP018,20130925,118.44,118.44,118.44,118.44,0
AIP018,20130926,118.35,118.35,118.35,118.35,0
AIP018,20130927,118.28,118.28,118.28,118.28,0
AIP018,20130930,118.25,118.25,118.25,118.25,0
AIP018,20131001,118.47,118.47,118.47,118.47,0
AIP018,20131002,118.59,118.59,118.59,118.59,0
AIP018,20131003,118.52,118.52,118.52,118.52,0
AIP018,20131004,118.52,118.52,118.52,118.52,0
AIP018,20131007,118.66,118.66,118.66,118.66,0
AIP018,20131008,118.77,118.77,118.77,118.77,0
AIP018,20131009,118.99,118.99,118.99,118.99,0
AIP018,20131010,119.04,119.04,119.04,119.04,0
AIP018,20131011,119.18,119.18,119.18,119.18,0
AIP018,20131014,119.28,119.28,119.28,119.28,0
AIP018,20131015,119.62,119.62,119.62,119.62,0
AIP018,20131016,119.94,119.94,119.94,119.94,0
AIP018,20131017,120.27,120.27,120.27,120.27,0
AIP018,20131018,120.60,120.60,120.60,120.60,0
AIP018,20131021,120.54,120.54,120.54,120.54,0
AIP018,20131022,120.73,120.73,120.73,120.73,0
AIP018,20131023,120.75,120.75,120.75,120.75,0
AIP018,20131024,120.87,120.87,120.87,120.87,0
AIP018,20131025,120.68,120.68,120.68,120.68,0
AIP018,20131028,120.74,120.74,120.74,120.74,0
AIP018,20131029,120.56,120.56,120.56,120.56,0
AIP018,20131030,120.57,120.57,120.57,120.57,0
AIP018,20131031,120.48,120.48,120.48,120.48,0
AIP018,20131104,120.40,120.40,120.40,120.40,0
AIP018,20131105,120.24,120.24,120.24,120.24,0
AIP018,20131106,120.29,120.29,120.29,120.29,0
AIP018,20131107,120.62,120.62,120.62,120.62,0
AIP018,20131108,120.36,120.36,120.36,120.36,0
AIP018,20131112,120.29,120.29,120.29,120.29,0
AIP018,20131113,120.28,120.28,120.28,120.28,0
AIP018,20131114,120.57,120.57,120.57,120.57,0
AIP018,20131115,121.02,121.02,121.02,121.02,0
AIP018,20131118,121.22,121.22,121.22,121.22,0
AIP018,20131119,121.24,121.24,121.24,121.24,0
AIP018,20131120,121.17,121.17,121.17,121.17,0
AIP018,20131121,121.13,121.13,121.13,121.13,0
AIP018,20131122,121.25,121.25,121.25,121.25,0
AIP018,20131125,121.24,121.24,121.24,121.24,0
AIP018,20131126,121.15,121.15,121.15,121.15,0
AIP018,20131127,121.16,121.16,121.16,121.16,0
AIP018,20131128,121.23,121.23,121.23,121.23,0
AIP018,20131129,121.24,121.24,121.24,121.24,0
AIP018,20131202,121.34,121.34,121.34,121.34,0
AIP018,20131203,121.16,121.16,121.16,121.16,0
AIP018,20131204,121.32,121.32,121.32,121.32,0
AIP018,20131205,121.41,121.41,121.41,121.41,0
AIP018,20131206,121.36,121.36,121.36,121.36,0
AIP018,20131209,121.61,121.61,121.61,121.61,0
AIP018,20131210,121.86,121.86,121.86,121.86,0
AIP018,20131211,121.80,121.80,121.80,121.80,0
AIP018,20131212,121.99,121.99,121.99,121.99,0
AIP018,20131213,122.26,122.26,122.26,122.26,0
AIP018,20131216,122.53,122.53,122.53,122.53,0
AIP018,20131217,122.68,122.68,122.68,122.68,0
AIP018,20131218,122.88,122.88,122.88,122.88,0
AIP018,20131219,123.07,123.07,123.07,123.07,0
AIP018,20131220,123.02,123.02,123.02,123.02,0
AIP018,20131223,123.08,123.08,123.08,123.08,0
AIP018,20131227,123.17,123.17,123.17,123.17,0
AIP018,20131230,123.19,123.19,123.19,123.19,0
AIP018,20140102,123.15,123.15,123.15,123.15,0
AIP018,20140103,123.20,123.20,123.20,123.20,0
AIP018,20140107,123.21,123.21,123.21,123.21,0
AIP018,20140108,123.28,123.28,123.28,123.28,0
AIP018,20140109,123.37,123.37,123.37,123.37,0
AIP018,20140110,123.42,123.42,123.42,123.42,0
AIP018,20140113,123.68,123.68,123.68,123.68,0
AIP018,20140114,123.70,123.70,123.70,123.70,0
AIP018,20140115,123.78,123.78,123.78,123.78,0
AIP018,20140116,123.76,123.76,123.76,123.76,0
AIP018,20140117,123.81,123.81,123.81,123.81,0
AIP018,20140120,123.81,123.81,123.81,123.81,0
AIP018,20140121,123.71,123.71,123.71,123.71,0
AIP018,20140122,123.81,123.81,123.81,123.81,0
AIP018,20140123,123.62,123.62,123.62,123.62,0
AIP018,20140124,123.28,123.28,123.28,123.28,0
AIP018,20140127,123.17,123.17,123.17,123.17,0
AIP018,20140128,123.30,123.30,123.30,123.30,0
AIP018,20140129,122.87,122.87,122.87,122.87,0
AIP018,20140130,122.36,122.36,122.36,122.36,0
AIP018,20140131,121.98,121.98,121.98,121.98,0
AIP018,20140203,122.16,122.16,122.16,122.16,0
AIP018,20140204,122.71,122.71,122.71,122.71,0
AIP018,20140205,122.96,122.96,122.96,122.96,0
AIP018,20140206,123.35,123.35,123.35,123.35,0
AIP018,20140207,123.59,123.59,123.59,123.59,0
AIP018,20140210,123.80,123.80,123.80,123.80,0
AIP018,20140211,123.99,123.99,123.99,123.99,0
AIP018,20140212,124.03,124.03,124.03,124.03,0
AIP018,20140213,123.84,123.84,123.84,123.84,0
AIP018,20140214,124.03,124.03,124.03,124.03,0
AIP018,20140217,124.12,124.12,124.12,124.12,0
AIP018,20140218,124.22,124.22,124.22,124.22,0
AIP018,20140219,124.28,124.28,124.28,124.28,0
AIP018,20140220,124.22,124.22,124.22,124.22,0
AIP018,20140221,124.45,124.45,124.45,124.45,0
AIP018,20140224,124.60,124.60,124.60,124.60,0
AIP018,20140225,124.64,124.64,124.64,124.64,0
AIP018,20140226,124.59,124.59,124.59,124.59,0
AIP018,20140227,124.76,124.76,124.76,124.76,0
AIP018,20140228,124.78,124.78,124.78,124.78,0
AIP018,20140303,124.36,124.36,124.36,124.36,0
AIP018,20140304,124.74,124.74,124.74,124.74,0
AIP018,20140305,125.04,125.04,125.04,125.04,0
AIP018,20140306,125.11,125.11,125.11,125.11,0
AIP018,20140307,124.93,124.93,124.93,124.93,0
AIP018,20140310,124.94,124.94,124.94,124.94,0
AIP018,20140311,124.96,124.96,124.96,124.96,0
AIP018,20140312,124.83,124.83,124.83,124.83,0
AIP018,20140313,124.78,124.78,124.78,124.78,0
AIP018,20140314,124.72,124.72,124.72,124.72,0
AIP018,20140317,124.91,124.91,124.91,124.91,0
AIP018,20140318,124.94,124.94,124.94,124.94,0
AIP018,20140319,125.02,125.02,125.02,125.02,0
AIP018,20140320,124.80,124.80,124.80,124.80,0
AIP018,20140321,125.01,125.01,125.01,125.01,0
AIP018,20140324,124.98,124.98,124.98,124.98,0
AIP018,20140325,124.98,124.98,124.98,124.98,0
AIP018,20140326,125.14,125.14,125.14,125.14,0
AIP018,20140327,125.05,125.05,125.05,125.05,0
AIP018,20140328,125.18,125.18,125.18,125.18,0
AIP018,20140331,125.10,125.10,125.10,125.10,0
AIP018,20140401,125.18,125.18,125.18,125.18,0
AIP018,20140402,125.24,125.24,125.24,125.24,0
AIP018,20140403,125.28,125.28,125.28,125.28,0
AIP018,20140404,125.46,125.46,125.46,125.46,0
AIP018,20140407,125.56,125.56,125.56,125.56,0
AIP018,20140408,125.68,125.68,125.68,125.68,0
AIP018,20140409,125.69,125.69,125.69,125.69,0
AIP018,20140410,125.77,125.77,125.77,125.77,0
AIP018,20140411,125.72,125.72,125.72,125.72,0
AIP018,20140414,125.63,125.63,125.63,125.63,0
AIP018,20140415,125.62,125.62,125.62,125.62,0
AIP018,20140416,125.47,125.47,125.47,125.47,0
AIP018,20140417,125.66,125.66,125.66,125.66,0
AIP018,20140422,125.71,125.71,125.71,125.71,0
AIP018,20140423,125.73,125.73,125.73,125.73,0
AIP018,20140424,125.91,125.91,125.91,125.91,0
AIP018,20140425,125.80,125.80,125.80,125.80,0
AIP018,20140428,125.75,125.75,125.75,125.75,0
AIP018,20140429,125.99,125.99,125.99,125.99,0
AIP018,20140430,126.28,126.28,126.28,126.28,0
AIP018,20140502,126.46,126.46,126.46,126.46,0
AIP018,20140505,126.49,126.49,126.49,126.49,0
AIP018,20140506,126.55,126.55,126.55,126.55,0
AIP018,20140507,127.00,127.00,127.00,127.00,0
AIP018,20140509,127.15,127.15,127.15,127.15,0
AIP018,20140512,127.11,127.11,127.11,127.11,0
AIP018,20140513,127.24,127.24,127.24,127.24,0
AIP018,20140514,127.39,127.39,127.39,127.39,0
AIP018,20140515,127.34,127.34,127.34,127.34,0
AIP018,20140516,127.17,127.17,127.17,127.17,0
AIP018,20140519,127.24,127.24,127.24,127.24,0
AIP018,20140520,127.03,127.03,127.03,127.03,0
AIP018,20140521,127.15,127.15,127.15,127.15,0
AIP018,20140522,127.33,127.33,127.33,127.33,0
AIP018,20140523,127.40,127.40,127.40,127.40,0
AIP018,20140526,127.44,127.44,127.44,127.44,0
AIP018,20140527,127.46,127.46,127.46,127.46,0
AIP018,20140528,127.58,127.58,127.58,127.58,0
AIP018,20140529,127.71,127.71,127.71,127.71,0
AIP018,20140530,127.64,127.64,127.64,127.64,0
AIP018,20140602,127.69,127.69,127.69,127.69,0
AIP018,20140603,127.70,127.70,127.70,127.70,0
AIP018,20140604,127.77,127.77,127.77,127.77,0
AIP018,20140605,127.88,127.88,127.88,127.88,0
AIP018,20140609,128.94,128.94,128.94,128.94,0
AIP018,20140610,129.14,129.14,129.14,129.14,0
AIP018,20140611,128.91,128.91,128.91,128.91,0
AIP018,20140612,129.15,129.15,129.15,129.15,0
AIP018,20140613,129.22,129.22,129.22,129.22,0
AIP018,20140616,128.97,128.97,128.97,128.97,0
AIP018,20140617,129.02,129.02,129.02,129.02,0
AIP018,20140618,129.00,129.00,129.00,129.00,0
AIP018,20140620,128.77,128.77,128.77,128.77,0
AIP018,20140623,128.99,128.99,128.99,128.99,0
AIP018,20140624,129.27,129.27,129.27,129.27,0
AIP018,20140625,129.38,129.38,129.38,129.38,0
AIP018,20140626,129.44,129.44,129.44,129.44,0
AIP018,20140627,129.46,129.46,129.46,129.46,0
AIP018,20140630,129.32,129.32,129.32,129.32,0
AIP018,20140701,129.28,129.28,129.28,129.28,0
AIP018,20140702,129.35,129.35,129.35,129.35,0
AIP018,20140703,129.26,129.26,129.26,129.26,0
AIP018,20140704,129.38,129.38,129.38,129.38,0
AIP018,20140707,129.42,129.42,129.42,129.42,0
AIP018,20140708,129.50,129.50,129.50,129.50,0
AIP018,20140709,129.44,129.44,129.44,129.44,0
AIP018,20140710,129.42,129.42,129.42,129.42,0
AIP018,20140711,129.36,129.36,129.36,129.36,0
AIP018,20140714,129.39,129.39,129.39,129.39,0
AIP018,20140715,129.28,129.28,129.28,129.28,0
AIP018,20140716,129.36,129.36,129.36,129.36,0
AIP018,20140717,129.36,129.36,129.36,129.36,0
AIP018,20140718,129.44,129.44,129.44,129.44,0
AIP018,20140721,129.47,129.47,129.47,129.47,0
AIP018,20140722,129.66,129.66,129.66,129.66,0
AIP018,20140723,130.02,130.02,130.02,130.02,0
AIP018,20140724,130.01,130.01,130.01,130.01,0
AIP018,20140725,130.13,130.13,130.13,130.13,0
AIP018,20140728,130.15,130.15,130.15,130.15,0
AIP018,20140729,130.20,130.20,130.20,130.20,0
AIP018,20140730,130.15,130.15,130.15,130.15,0
AIP018,20140731,129.64,129.64,129.64,129.64,0
AIP018,20140801,129.33,129.33,129.33,129.33,0
AIP018,20140804,129.39,129.39,129.39,129.39,0
AIP018,20140805,129.18,129.18,129.18,129.18,0
AIP018,20140806,129.01,129.01,129.01,129.01,0
AIP018,20140807,128.97,128.97,128.97,128.97,0
AIP018,20140808,128.79,128.79,128.79,128.79,0
AIP018,20140811,129.25,129.25,129.25,129.25,0
AIP018,20140812,129.24,129.24,129.24,129.24,0
AIP018,20140813,129.37,129.37,129.37,129.37,0
AIP018,20140814,129.87,129.87,129.87,129.87,0
AIP018,20140818,130.22,130.22,130.22,130.22,0
AIP018,20140819,130.52,130.52,130.52,130.52,0
AIP018,20140820,130.50,130.50,130.50,130.50,0
AIP018,20140821,130.49,130.49,130.49,130.49,0
AIP018,20140822,130.55,130.55,130.55,130.55,0
AIP018,20140825,130.66,130.66,130.66,130.66,0
AIP018,20140826,130.93,130.93,130.93,130.93,0
AIP018,20140827,131.16,131.16,131.16,131.16,0
AIP018,20140828,130.91,130.91,130.91,130.91,0
AIP018,20140829,131.03,131.03,131.03,131.03,0
AIP018,20140901,131.07,131.07,131.07,131.07,0
AIP018,20140902,131.10,131.10,131.10,131.10,0
AIP018,20140903,131.30,131.30,131.30,131.30,0
AIP018,20140904,131.60,131.60,131.60,131.60,0
AIP018,20140905,131.61,131.61,131.61,131.61,0
AIP018,20140908,131.75,131.75,131.75,131.75,0
AIP018,20140909,131.58,131.58,131.58,131.58,0
AIP018,20140910,131.44,131.44,131.44,131.44,0
AIP018,20140911,131.43,131.43,131.43,131.43,0
AIP018,20140912,131.03,131.03,131.03,131.03,0
AIP018,20140915,131.16,131.16,131.16,131.16,0
AIP018,20140916,131.18,131.18,131.18,131.18,0
AIP018,20140917,131.25,131.25,131.25,131.25,0
AIP018,20140918,131.27,131.27,131.27,131.27,0
AIP018,20140919,131.39,131.39,131.39,131.39,0
AIP018,20140922,131.43,131.43,131.43,131.43,0
AIP018,20140923,131.49,131.49,131.49,131.49,0
AIP018,20140924,131.58,131.58,131.58,131.58,0
AIP018,20140925,131.64,131.64,131.64,131.64,0
AIP018,20140926,131.49,131.49,131.49,131.49,0
AIP018,20140929,131.33,131.33,131.33,131.33,0
AIP018,20140930,131.37,131.37,131.37,131.37,0
AIP018,20141001,131.57,131.57,131.57,131.57,0
AIP018,20141002,131.50,131.50,131.50,131.50,0
AIP018,20141003,131.50,131.50,131.50,131.50,0
AIP018,20141006,131.65,131.65,131.65,131.65,0
AIP018,20141007,131.72,131.72,131.72,131.72,0
AIP018,20141008,131.93,131.93,131.93,131.93,0
AIP018,20141009,132.43,132.43,132.43,132.43,0
AIP018,20141010,132.41,132.41,132.41,132.41,0
AIP018,20141013,132.56,132.56,132.56,132.56,0
AIP018,20141014,132.92,132.92,132.92,132.92,0
AIP018,20141015,133.02,133.02,133.02,133.02,0
AIP018,20141016,132.49,132.49,132.49,132.49,0
AIP018,20141017,132.90,132.90,132.90,132.90,0
AIP018,20141020,132.82,132.82,132.82,132.82,0
AIP018,20141021,132.98,132.98,132.98,132.98,0
AIP018,20141022,133.05,133.05,133.05,133.05,0
AIP018,20141023,133.22,133.22,133.22,133.22,0
AIP018,20141024,133.31,133.31,133.31,133.31,0
AIP018,20141027,133.19,133.19,133.19,133.19,0
AIP018,20141028,133.49,133.49,133.49,133.49,0
AIP018,20141029,133.55,133.55,133.55,133.55,0
AIP018,20141030,133.54,133.54,133.54,133.54,0
AIP018,20141031,133.78,133.78,133.78,133.78,0
AIP018,20141103,133.88,133.88,133.88,133.88,0
AIP018,20141104,133.89,133.89,133.89,133.89,0
AIP018,20141105,133.81,133.81,133.81,133.81,0
AIP018,20141106,133.83,133.83,133.83,133.83,0
AIP018,20141107,133.79,133.79,133.79,133.79,0
AIP018,20141110,133.91,133.91,133.91,133.91,0
AIP018,20141112,134.11,134.11,134.11,134.11,0
AIP018,20141113,134.38,134.38,134.38,134.38,0
AIP018,20141114,134.24,134.24,134.24,134.24,0
AIP018,20141117,134.34,134.34,134.34,134.34,0
AIP018,20141118,134.36,134.36,134.36,134.36,0
AIP018,20141119,134.17,134.17,134.17,134.17,0
AIP018,20141120,134.36,134.36,134.36,134.36,0
AIP018,20141121,134.77,134.77,134.77,134.77,0
AIP018,20141124,134.83,134.83,134.83,134.83,0
AIP018,20141125,134.96,134.96,134.96,134.96,0
AIP018,20141126,135.11,135.11,135.11,135.11,0
AIP018,20141127,135.14,135.14,135.14,135.14,0
AIP018,20141128,135.24,135.24,135.24,135.24,0
AIP018,20141201,135.13,135.13,135.13,135.13,0
AIP018,20141202,135.11,135.11,135.11,135.11,0
AIP018,20141203,135.07,135.07,135.07,135.07,0
AIP018,20141204,135.10,135.10,135.10,135.10,0
AIP018,20141205,135.10,135.10,135.10,135.10,0
AIP018,20141208,135.19,135.19,135.19,135.19,0
AIP018,20141209,135.19,135.19,135.19,135.19,0
AIP018,20141210,135.17,135.17,135.17,135.17,0
AIP018,20141211,135.17,135.17,135.17,135.17,0
AIP018,20141212,134.95,134.95,134.95,134.95,0
AIP018,20141215,134.92,134.92,134.92,134.92,0
AIP018,20141216,133.97,133.97,133.97,133.97,0
AIP018,20141217,134.61,134.61,134.61,134.61,0
AIP018,20141218,135.17,135.17,135.17,135.17,0
AIP018,20141219,135.17,135.17,135.17,135.17,0
AIP018,20141222,135.42,135.42,135.42,135.42,0
AIP018,20141223,135.60,135.60,135.60,135.60,0
AIP018,20141229,135.62,135.62,135.62,135.62,0
AIP018,20141230,135.63,135.63,135.63,135.63,0
AIP018,20150102,135.74,135.74,135.74,135.74,0
AIP018,20150105,136.03,136.03,136.03,136.03,0
AIP018,20150107,136.67,136.67,136.67,136.67,0
AIP018,20150108,136.97,136.97,136.97,136.97,0
AIP018,20150109,136.61,136.61,136.61,136.61,0
AIP018,20150112,136.93,136.93,136.93,136.93,0
AIP018,20150113,137.09,137.09,137.09,137.09,0
AIP018,20150114,137.34,137.34,137.34,137.34,0
AIP018,20150115,137.38,137.38,137.38,137.38,0
AIP018,20150116,137.67,137.67,137.67,137.67,0
AIP018,20150119,137.89,137.89,137.89,137.89,0
AIP018,20150120,137.84,137.84,137.84,137.84,0
AIP018,20150121,137.91,137.91,137.91,137.91,0
AIP018,20150122,138.01,138.01,138.01,138.01,0
AIP018,20150123,138.58,138.58,138.58,138.58,0
AIP018,20150126,138.63,138.63,138.63,138.63,0
AIP018,20150127,138.78,138.78,138.78,138.78,0
AIP018,20150128,138.77,138.77,138.77,138.77,0
AIP018,20150129,138.83,138.83,138.83,138.83,0
AIP018,20150130,138.86,138.86,138.86,138.86,0
AIP018,20150202,138.82,138.82,138.82,138.82,0
AIP018,20150203,138.89,138.89,138.89,138.89,0
AIP018,20150204,138.80,138.80,138.80,138.80,0
AIP018,20150205,138.77,138.77,138.77,138.77,0
AIP018,20150206,138.41,138.41,138.41,138.41,0
AIP018,20150209,138.03,138.03,138.03,138.03,0
AIP018,20150210,137.76,137.76,137.76,137.76,0
AIP018,20150211,137.64,137.64,137.64,137.64,0
AIP018,20150212,138.02,138.02,138.02,138.02,0
AIP018,20150213,138.20,138.20,138.20,138.20,0
AIP018,20150216,138.06,138.06,138.06,138.06,0
AIP018,20150217,137.78,137.78,137.78,137.78,0
AIP018,20150218,137.22,137.22,137.22,137.22,0
AIP018,20150219,137.74,137.74,137.74,137.74,0
AIP018,20150220,137.69,137.69,137.69,137.69,0
AIP018,20150223,137.85,137.85,137.85,137.85,0
AIP018,20150224,138.04,138.04,138.04,138.04,0
AIP018,20150225,138.39,138.39,138.39,138.39,0
AIP018,20150226,138.75,138.75,138.75,138.75,0
AIP018,20150227,138.63,138.63,138.63,138.63,0
AIP018,20150302,138.75,138.75,138.75,138.75,0
AIP018,20150303,138.73,138.73,138.73,138.73,0
AIP018,20150304,138.38,138.38,138.38,138.38,0
AIP018,20150305,138.29,138.29,138.29,138.29,0
AIP018,20150306,137.66,137.66,137.66,137.66,0
AIP018,20150309,137.71,137.71,137.71,137.71,0
AIP018,20150310,137.00,137.00,137.00,137.00,0
AIP018,20150311,137.48,137.48,137.48,137.48,0
AIP018,20150312,137.78,137.78,137.78,137.78,0
AIP018,20150313,137.50,137.50,137.50,137.50,0
AIP018,20150316,137.56,137.56,137.56,137.56,0
AIP018,20150317,137.56,137.56,137.56,137.56,0
AIP018,20150318,137.67,137.67,137.67,137.67,0
AIP018,20150319,138.14,138.14,138.14,138.14,0
AIP018,20150320,138.41,138.41,138.41,138.41,0
AIP018,20150323,138.73,138.73,138.73,138.73,0
AIP018,20150324,138.70,138.70,138.70,138.70,0
AIP018,20150325,138.85,138.85,138.85,138.85,0
AIP018,20150326,138.39,138.39,138.39,138.39,0
AIP018,20150327,138.48,138.48,138.48,138.48,0
AIP018,20150330,138.56,138.56,138.56,138.56,0
AIP018,20150331,138.48,138.48,138.48,138.48,0
AIP018,20150401,138.38,138.38,138.38,138.38,0
AIP018,20150402,138.55,138.55,138.55,138.55,0
AIP018,20150407,138.68,138.68,138.68,138.68,0
AIP018,20150408,138.83,138.83,138.83,138.83,0
AIP018,20150409,138.90,138.90,138.90,138.90,0
AIP018,20150410,138.85,138.85,138.85,138.85,0
AIP018,20150413,138.69,138.69,138.69,138.69,0
AIP018,20150414,138.80,138.80,138.80,138.80,0
AIP018,20150415,138.70,138.70,138.70,138.70,0
AIP018,20150416,138.37,138.37,138.37,138.37,0
AIP018,20150417,138.54,138.54,138.54,138.54,0
AIP018,20150420,138.27,138.27,138.27,138.27,0
AIP018,20150421,138.27,138.27,138.27,138.27,0
AIP018,20150422,138.04,138.04,138.04,138.04,0
AIP018,20150423,138.20,138.20,138.20,138.20,0
AIP018,20150424,138.23,138.23,138.23,138.23,0
AIP018,20150427,138.41,138.41,138.41,138.41,0
AIP018,20150428,138.23,138.23,138.23,138.23,0
AIP018,20150429,137.89,137.89,137.89,137.89,0
AIP018,20150430,137.71,137.71,137.71,137.71,0
AIP018,20150504,137.79,137.79,137.79,137.79,0
AIP018,20150505,137.24,137.24,137.24,137.24,0
AIP018,20150506,136.75,136.75,136.75,136.75,0
AIP018,20150507,136.86,136.86,136.86,136.86,0
AIP018,20150508,137.17,137.17,137.17,137.17,0
AIP018,20150511,136.97,136.97,136.97,136.97,0
AIP018,20150512,136.31,136.31,136.31,136.31,0
AIP018,20150513,136.46,136.46,136.46,136.46,0
AIP018,20150514,136.33,136.33,136.33,136.33,0
AIP018,20150515,136.72,136.72,136.72,136.72,0
AIP018,20150518,136.65,136.65,136.65,136.65,0
AIP018,20150519,136.87,136.87,136.87,136.87,0
AIP018,20150520,137.00,137.00,137.00,137.00,0
AIP018,20150521,137.11,137.11,137.11,137.11,0
AIP018,20150522,137.21,137.21,137.21,137.21,0
AIP018,20150525,137.17,137.17,137.17,137.17,0
AIP018,20150526,137.07,137.07,137.07,137.07,0
AIP018,20150527,137.13,137.13,137.13,137.13,0
AIP018,20150528,137.24,137.24,137.24,137.24,0
AIP018,20150529,137.18,137.18,137.18,137.18,0
AIP018,20150601,137.17,137.17,137.17,137.17,0
AIP018,20150602,137.21,137.21,137.21,137.21,0
AIP018,20150603,136.80,136.80,136.80,136.80,0
AIP018,20150605,136.45,136.45,136.45,136.45,0
AIP018,20150608,136.36,136.36,136.36,136.36,0
AIP018,20150609,136.16,136.16,136.16,136.16,0
AIP018,20150610,135.88,135.88,135.88,135.88,0
AIP018,20150611,135.95,135.95,135.95,135.95,0
AIP018,20150612,135.69,135.69,135.69,135.69,0
AIP018,20150615,135.01,135.01,135.01,135.01,0
AIP018,20150616,134.89,134.89,134.89,134.89,0
AIP018,20150617,134.91,134.91,134.91,134.91,0
AIP018,20150618,135.18,135.18,135.18,135.18,0
AIP018,20150622,136.12,136.12,136.12,136.12,0
AIP018,20150623,136.33,136.33,136.33,136.33,0
AIP018,20150624,136.22,136.22,136.22,136.22,0
AIP018,20150625,136.26,136.26,136.26,136.26,0
AIP018,20150626,136.33,136.33,136.33,136.33,0
AIP018,20150629,135.33,135.33,135.33,135.33,0
AIP018,20150630,135.48,135.48,135.48,135.48,0
AIP018,20150701,135.81,135.81,135.81,135.81,0
AIP018,20150702,135.80,135.80,135.80,135.80,0
AIP018,20150703,135.81,135.81,135.81,135.81,0
AIP018,20150706,135.51,135.51,135.51,135.51,0
AIP018,20150707,135.80,135.80,135.80,135.80,0
AIP018,20150708,135.74,135.74,135.74,135.74,0
AIP018,20150709,136.24,136.24,136.24,136.24,0
AIP018,20150710,136.59,136.59,136.59,136.59,0
AIP018,20150713,136.71,136.71,136.71,136.71,0
AIP018,20150714,136.63,136.63,136.63,136.63,0
AIP018,20150715,136.48,136.48,136.48,136.48,0
AIP018,20150716,136.76,136.76,136.76,136.76,0
AIP018,20150717,136.87,136.87,136.87,136.87,0
AIP018,20150720,136.93,136.93,136.93,136.93,0
AIP018,20150721,136.82,136.82,136.82,136.82,0
AIP018,20150722,136.98,136.98,136.98,136.98,0
AIP018,20150723,136.96,136.96,136.96,136.96,0
AIP018,20150724,137.01,137.01,137.01,137.01,0
AIP018,20150727,136.84,136.84,136.84,136.84,0
AIP018,20150728,136.88,136.88,136.88,136.88,0
AIP018,20150729,136.86,136.86,136.86,136.86,0
AIP018,20150730,136.81,136.81,136.81,136.81,0
AIP018,20150731,136.85,136.85,136.85,136.85,0
AIP018,20150803,136.85,136.85,136.85,136.85,0
AIP018,20150804,136.93,136.93,136.93,136.93,0
AIP018,20150805,136.93,136.93,136.93,136.93,0
AIP018,20150806,136.92,136.92,136.92,136.92,0
AIP018,20150807,136.83,136.83,136.83,136.83,0
AIP018,20150810,136.92,136.92,136.92,136.92,0
AIP018,20150811,136.92,136.92,136.92,136.92,0
AIP018,20150812,137.05,137.05,137.05,137.05,0
AIP018,20150813,137.30,137.30,137.30,137.30,0
AIP018,20150814,137.38,137.38,137.38,137.38,0
AIP018,20150817,137.51,137.51,137.51,137.51,0
AIP018,20150818,137.64,137.64,137.64,137.64,0
AIP018,20150819,137.48,137.48,137.48,137.48,0
AIP018,20150820,137.25,137.25,137.25,137.25,0
AIP018,20150821,137.10,137.10,137.10,137.10,0
AIP018,20150824,136.26,136.26,136.26,136.26,0
AIP018,20150825,136.28,136.28,136.28,136.28,0
AIP018,20150826,136.23,136.23,136.23,136.23,0
AIP018,20150827,136.74,136.74,136.74,136.74,0
AIP018,20150828,136.80,136.80,136.80,136.80,0
AIP018,20150831,136.81,136.81,136.81,136.81,0
AIP018,20150901,136.40,136.40,136.40,136.40,0
AIP018,20150902,136.13,136.13,136.13,136.13,0
AIP018,20150903,136.69,136.69,136.69,136.69,0
AIP018,20150904,136.66,136.66,136.66,136.66,0
AIP018,20150907,136.53,136.53,136.53,136.53,0
AIP018,20150908,136.52,136.52,136.52,136.52,0
AIP018,20150909,136.57,136.57,136.57,136.57,0
AIP018,20150910,136.66,136.66,136.66,136.66,0
AIP018,20150911,136.49,136.49,136.49,136.49,0
AIP018,20150914,136.63,136.63,136.63,136.63,0
AIP018,20150915,136.82,136.82,136.82,136.82,0
AIP018,20150916,136.91,136.91,136.91,136.91,0
AIP018,20150917,137.06,137.06,137.06,137.06,0
AIP018,20150918,138.02,138.02,138.02,138.02,0
AIP018,20150921,137.63,137.63,137.63,137.63,0
AIP018,20150922,137.41,137.41,137.41,137.41,0
AIP018,20150923,137.46,137.46,137.46,137.46,0
AIP018,20150924,137.29,137.29,137.29,137.29,0
AIP018,20150925,137.39,137.39,137.39,137.39,0
AIP018,20150928,137.28,137.28,137.28,137.28,0
AIP018,20150929,136.86,136.86,136.86,136.86,0
AIP018,20150930,137.10,137.10,137.10,137.10,0
AIP018,20151001,137.57,137.57,137.57,137.57,0
AIP018,20151002,137.85,137.85,137.85,137.85,0
AIP018,20151005,137.99,137.99,137.99,137.99,0
AIP018,20151006,138.06,138.06,138.06,138.06,0
AIP018,20151007,138.12,138.12,138.12,138.12,0
AIP018,20151008,138.07,138.07,138.07,138.07,0
AIP018,20151009,138.10,138.10,138.10,138.10,0
AIP018,20151012,138.07,138.07,138.07,138.07,0
AIP018,20151013,138.04,138.04,138.04,138.04,0
AIP018,20151014,138.12,138.12,138.12,138.12,0
AIP018,20151015,138.33,138.33,138.33,138.33,0
AIP018,20151016,138.37,138.37,138.37,138.37,0
AIP018,20151019,138.49,138.49,138.49,138.49,0
AIP018,20151020,138.33,138.33,138.33,138.33,0
AIP018,20151021,138.30,138.30,138.30,138.30,0
AIP018,20151022,138.45,138.45,138.45,138.45,0
AIP018,20151023,138.88,138.88,138.88,138.88,0
AIP018,20151026,138.94,138.94,138.94,138.94,0
AIP018,20151027,138.91,138.91,138.91,138.91,0
AIP018,20151028,138.94,138.94,138.94,138.94,0
AIP018,20151029,138.81,138.81,138.81,138.81,0
AIP018,20151030,138.82,138.82,138.82,138.82,0
AIP018,20151102,138.88,138.88,138.88,138.88,0
AIP018,20151103,138.82,138.82,138.82,138.82,0
AIP018,20151104,138.73,138.73,138.73,138.73,0
AIP018,20151105,138.63,138.63,138.63,138.63,0
AIP018,20151106,138.15,138.15,138.15,138.15,0
AIP018,20151109,137.93,137.93,137.93,137.93,0
AIP018,20151110,138.11,138.11,138.11,138.11,0
AIP018,20151112,138.33,138.33,138.33,138.33,0
AIP018,20151113,138.58,138.58,138.58,138.58,0
AIP018,20151116,138.67,138.67,138.67,138.67,0
AIP018,20151117,138.54,138.54,138.54,138.54,0
AIP018,20151118,138.86,138.86,138.86,138.86,0
AIP018,20151119,139.00,139.00,139.00,139.00,0
AIP018,20151120,139.10,139.10,139.10,139.10,0
AIP018,20151123,138.96,138.96,138.96,138.96,0
AIP018,20151124,139.00,139.00,139.00,139.00,0
AIP018,20151125,139.08,139.08,139.08,139.08,0
AIP018,20151126,139.10,139.10,139.10,139.10,0
AIP018,20151127,139.09,139.09,139.09,139.09,0
AIP018,20151130,139.03,139.03,139.03,139.03,0
AIP018,20151201,138.96,138.96,138.96,138.96,0
AIP018,20151202,138.89,138.89,138.89,138.89,0
AIP018,20151203,138.58,138.58,138.58,138.58,0
AIP018,20151204,138.38,138.38,138.38,138.38,0
AIP018,20151207,138.51,138.51,138.51,138.51,0
AIP018,20151208,138.61,138.61,138.61,138.61,0
AIP018,20151209,138.63,138.63,138.63,138.63,0
AIP018,20151210,138.33,138.33,138.33,138.33,0
AIP018,20151211,138.33,138.33,138.33,138.33,0
AIP018,20151214,138.15,138.15,138.15,138.15,0
AIP018,20151215,138.09,138.09,138.09,138.09,0
AIP018,20151216,137.93,137.93,137.93,137.93,0
AIP018,20151217,138.22,138.22,138.22,138.22,0
AIP018,20151218,138.47,138.47,138.47,138.47,0
AIP018,20151221,138.38,138.38,138.38,138.38,0
AIP018,20151222,138.63,138.63,138.63,138.63,0
AIP018,20151223,138.51,138.51,138.51,138.51,0
AIP018,20151228,138.59,138.59,138.59,138.59,0
AIP018,20151229,138.68,138.68,138.68,138.68,0
AIP018,20151230,138.62,138.62,138.62,138.62,0
AIP018,20160104,138.76,138.76,138.76,138.76,0
AIP018,20160105,138.95,138.95,138.95,138.95,0
AIP018,20160107,138.96,138.96,138.96,138.96,0
AIP018,20160108,138.95,138.95,138.95,138.95,0
AIP018,20160111,139.01,139.01,139.01,139.01,0
AIP018,20160112,139.18,139.18,139.18,139.18,0
AIP018,20160113,139.17,139.17,139.17,139.17,0
AIP018,20160114,139.25,139.25,139.25,139.25,0
AIP018,20160115,139.19,139.19,139.19,139.19,0
AIP018,20160118,138.77,138.77,138.77,138.77,0
AIP018,20160119,138.78,138.78,138.78,138.78,0
AIP018,20160120,139.03,139.03,139.03,139.03,0
AIP018,20160121,138.85,138.85,138.85,138.85,0
AIP018,20160122,139.27,139.27,139.27,139.27,0
AIP018,20160125,139.23,139.23,139.23,139.23,0
AIP018,20160126,139.44,139.44,139.44,139.44,0
AIP018,20160127,139.58,139.58,139.58,139.58,0
AIP018,20160128,139.89,139.89,139.89,139.89,0
AIP018,20160129,140.27,140.27,140.27,140.27,0
AIP018,20160201,140.43,140.43,140.43,140.43,0
AIP018,20160202,140.40,140.40,140.40,140.40,0
AIP018,20160203,140.33,140.33,140.33,140.33,0
AIP018,20160204,140.41,140.41,140.41,140.41,0
AIP018,20160205,140.39,140.39,140.39,140.39,0
AIP018,20160208,140.27,140.27,140.27,140.27,0
AIP018,20160209,140.26,140.26,140.26,140.26,0
AIP018,20160210,140.34,140.34,140.34,140.34,0
