Name,Date,Open,High,Low,Close,Volume
ALT023,20130830,100.00,100.00,100.00,100.00,0
ALT023,20130902,99.97,99.97,99.97,99.97,0
ALT023,20130903,99.96,99.96,99.96,99.96,0
ALT023,20130904,99.96,99.96,99.96,99.96,0
ALT023,20130905,99.95,99.95,99.95,99.95,0
ALT023,20130906,99.94,99.94,99.94,99.94,0
ALT023,20130909,100.13,100.13,100.13,100.13,0
ALT023,20130910,101.23,101.23,101.23,101.23,0
ALT023,20130911,101.25,101.25,101.25,101.25,0
ALT023,20130912,101.73,101.73,101.73,101.73,0
ALT023,20130913,101.53,101.53,101.53,101.53,0
ALT023,20130916,101.20,101.20,101.20,101.20,0
ALT023,20130917,101.21,101.21,101.21,101.21,0
ALT023,20130918,101.33,101.33,101.33,101.33,0
ALT023,20130919,101.54,101.54,101.54,101.54,0
ALT023,20130920,101.73,101.73,101.73,101.73,0
ALT023,20130923,101.80,101.80,101.80,101.80,0
ALT023,20130924,101.78,101.78,101.78,101.78,0
ALT023,20130925,102.29,102.29,102.29,102.29,0
ALT023,20130926,102.60,102.60,102.60,102.60,0
ALT023,20130927,102.52,102.52,102.52,102.52,0
ALT023,20130930,102.52,102.52,102.52,102.52,0
ALT023,20131001,102.74,102.74,102.74,102.74,0
ALT023,20131002,103.01,103.01,103.01,103.01,0
ALT023,20131003,103.26,103.26,103.26,103.26,0
ALT023,20131004,103.64,103.64,103.64,103.64,0
ALT023,20131007,103.52,103.52,103.52,103.52,0
ALT023,20131008,103.31,103.31,103.31,103.31,0
ALT023,20131009,103.28,103.28,103.28,103.28,0
ALT023,20131010,103.76,103.76,103.76,103.76,0
ALT023,20131011,104.06,104.06,104.06,104.06,0
ALT023,20131014,104.21,104.21,104.21,104.21,0
ALT023,20131015,104.26,104.26,104.26,104.26,0
ALT023,20131016,104.38,104.38,104.38,104.38,0
ALT023,20131017,104.66,104.66,104.66,104.66,0
ALT023,20131018,104.86,104.86,104.86,104.86,0
ALT023,20131021,105.77,105.77,105.77,105.77,0
ALT023,20131022,105.95,105.95,105.95,105.95,0
ALT023,20131023,105.81,105.81,105.81,105.81,0
ALT023,20131030,107.61,107.61,107.61,107.61,0
ALT023,20131031,107.51,107.51,107.51,107.51,0
ALT023,20131104,107.60,107.60,107.60,107.60,0
ALT023,20131105,107.25,107.25,107.25,107.25,0
ALT023,20131106,107.48,107.48,107.48,107.48,0
ALT023,20131107,107.33,107.33,107.33,107.33,0
ALT023,20131108,107.08,107.08,107.08,107.08,0
ALT023,20131112,107.11,107.11,107.11,107.11,0
ALT023,20131113,106.79,106.79,106.79,106.79,0
ALT023,20131114,107.02,107.02,107.02,107.02,0
ALT023,20131115,107.64,107.64,107.64,107.64,0
ALT023,20131118,108.50,108.50,108.50,108.50,0
ALT023,20131119,108.62,108.62,108.62,108.62,0
ALT023,20131120,108.48,108.48,108.48,108.48,0
ALT023,20131121,108.44,108.44,108.44,108.44,0
ALT023,20131122,108.55,108.55,108.55,108.55,0
ALT023,20131125,108.89,108.89,108.89,108.89,0
ALT023,20131126,108.62,108.62,108.62,108.62,0
ALT023,20131127,108.58,108.58,108.58,108.58,0
ALT023,20131128,108.52,108.52,108.52,108.52,0
ALT023,20131129,108.88,108.88,108.88,108.88,0
ALT023,20131202,108.39,108.39,108.39,108.39,0
ALT023,20131203,107.71,107.71,107.71,107.71,0
ALT023,20131204,107.21,107.21,107.21,107.21,0
ALT023,20131205,107.16,107.16,107.16,107.16,0
ALT023,20131206,107.07,107.07,107.07,107.07,0
ALT023,20131209,107.26,107.26,107.26,107.26,0
ALT023,20131210,107.27,107.27,107.27,107.27,0
ALT023,20131211,107.21,107.21,107.21,107.21,0
ALT023,20131212,106.83,106.83,106.83,106.83,0
ALT023,20131213,106.61,106.61,106.61,106.61,0
ALT023,20131216,106.65,106.65,106.65,106.65,0
ALT023,20131217,105.99,105.99,105.99,105.99,0
ALT023,20131218,105.96,105.96,105.96,105.96,0
ALT023,20131219,105.85,105.85,105.85,105.85,0
ALT023,20131220,105.97,105.97,105.97,105.97,0
ALT023,20131223,106.45,106.45,106.45,106.45,0
ALT023,20131227,106.32,106.32,106.32,106.32,0
ALT023,20131230,106.40,106.40,106.40,106.40,0
ALT023,20140102,106.69,106.69,106.69,106.69,0
ALT023,20140103,106.33,106.33,106.33,106.33,0
ALT023,20140107,105.46,105.46,105.46,105.46,0
ALT023,20140108,105.39,105.39,105.39,105.39,0
ALT023,20140109,104.54,104.54,104.54,104.54,0
ALT023,20140110,104.59,104.59,104.59,104.59,0
ALT023,20140113,105.43,105.43,105.43,105.43,0
ALT023,20140114,105.78,105.78,105.78,105.78,0
ALT023,20140115,106.04,106.04,106.04,106.04,0
ALT023,20140116,106.18,106.18,106.18,106.18,0
ALT023,20140117,105.84,105.84,105.84,105.84,0
ALT023,20140120,105.81,105.81,105.81,105.81,0
ALT023,20140121,106.50,106.50,106.50,106.50,0
ALT023,20140122,106.92,106.92,106.92,106.92,0
ALT023,20140123,106.67,106.67,106.67,106.67,0
ALT023,20140124,105.74,105.74,105.74,105.74,0
ALT023,20140127,105.08,105.08,105.08,105.08,0
ALT023,20140128,105.58,105.58,105.58,105.58,0
ALT023,20140129,105.22,105.22,105.22,105.22,0
ALT023,20140130,105.47,105.47,105.47,105.47,0
ALT023,20140131,105.92,105.92,105.92,105.92,0
ALT023,20140203,106.30,106.30,106.30,106.30,0
ALT023,20140204,106.08,106.08,106.08,106.08,0
ALT023,20140205,106.17,106.17,106.17,106.17,0
ALT023,20140206,107.14,107.14,107.14,107.14,0
ALT023,20140207,107.19,107.19,107.19,107.19,0
ALT023,20140210,107.00,107.00,107.00,107.00,0
ALT023,20140211,107.55,107.55,107.55,107.55,0
ALT023,20140212,108.23,108.23,108.23,108.23,0
ALT023,20140213,108.34,108.34,108.34,108.34,0
ALT023,20140214,108.45,108.45,108.45,108.45,0
ALT023,20140217,108.40,108.40,108.40,108.40,0
ALT023,20140218,108.24,108.24,108.24,108.24,0
ALT023,20140219,108.42,108.42,108.42,108.42,0
ALT023,20140220,108.01,108.01,108.01,108.01,0
ALT023,20140221,108.35,108.35,108.35,108.35,0
ALT023,20140224,108.94,108.94,108.94,108.94,0
ALT023,20140225,108.66,108.66,108.66,108.66,0
ALT023,20140226,107.99,107.99,107.99,107.99,0
ALT023,20140227,108.04,108.04,108.04,108.04,0
ALT023,20140228,108.98,108.98,108.98,108.98,0
ALT023,20140303,106.48,106.48,106.48,106.48,0
ALT023,20140304,107.29,107.29,107.29,107.29,0
ALT023,20140305,107.54,107.54,107.54,107.54,0
ALT023,20140306,107.80,107.80,107.80,107.80,0
ALT023,20140307,107.28,107.28,107.28,107.28,0
ALT023,20140310,106.52,106.52,106.52,106.52,0
ALT023,20140311,106.43,106.43,106.43,106.43,0
ALT023,20140312,105.67,105.67,105.67,105.67,0
ALT023,20140313,105.06,105.06,105.06,105.06,0
ALT023,20140314,104.65,104.65,104.65,104.65,0
ALT023,20140317,105.78,105.78,105.78,105.78,0
ALT023,20140318,105.90,105.90,105.90,105.90,0
ALT023,20140319,105.69,105.69,105.69,105.69,0
ALT023,20140320,106.08,106.08,106.08,106.08,0
ALT023,20140321,105.98,105.98,105.98,105.98,0
ALT023,20140324,105.99,105.99,105.99,105.99,0
ALT023,20140325,106.43,106.43,106.43,106.43,0
ALT023,20140326,106.81,106.81,106.81,106.81,0
ALT023,20140327,106.84,106.84,106.84,106.84,0
ALT023,20140328,106.95,106.95,106.95,106.95,0
ALT023,20140331,107.43,107.43,107.43,107.43,0
ALT023,20140401,107.67,107.67,107.67,107.67,0
ALT023,20140402,107.89,107.89,107.89,107.89,0
ALT023,20140403,107.71,107.71,107.71,107.71,0
ALT023,20140404,108.02,108.02,108.02,108.02,0
ALT023,20140407,107.62,107.62,107.62,107.62,0
ALT023,20140408,107.82,107.82,107.82,107.82,0
ALT023,20140409,107.79,107.79,107.79,107.79,0
ALT023,20140410,108.00,108.00,108.00,108.00,0
ALT023,20140411,107.92,107.92,107.92,107.92,0
ALT023,20140414,107.19,107.19,107.19,107.19,0
ALT023,20140415,106.81,106.81,106.81,106.81,0
ALT023,20140416,106.33,106.33,106.33,106.33,0
ALT023,20140417,106.86,106.86,106.86,106.86,0
ALT023,20140422,107.32,107.32,107.32,107.32,0
ALT023,20140423,107.15,107.15,107.15,107.15,0
ALT023,20140424,106.86,106.86,106.86,106.86,0
ALT023,20140425,106.86,106.86,106.86,106.86,0
ALT023,20140428,106.99,106.99,106.99,106.99,0
ALT023,20140429,107.21,107.21,107.21,107.21,0
ALT023,20140430,107.45,107.45,107.45,107.45,0
ALT023,20140502,107.23,107.23,107.23,107.23,0
ALT023,20140505,106.44,106.44,106.44,106.44,0
ALT023,20140506,106.06,106.06,106.06,106.06,0
ALT023,20140507,105.85,105.85,105.85,105.85,0
ALT023,20140508,105.95,105.95,105.95,105.95,0
ALT023,20140509,105.50,105.50,105.50,105.50,0
ALT023,20140512,105.77,105.77,105.77,105.77,0
ALT023,20140513,106.06,106.06,106.06,106.06,0
ALT023,20140514,106.22,106.22,106.22,106.22,0
ALT023,20140515,105.89,105.89,105.89,105.89,0
ALT023,20140516,105.97,105.97,105.97,105.97,0
ALT023,20140519,106.33,106.33,106.33,106.33,0
ALT023,20140520,106.43,106.43,106.43,106.43,0
ALT023,20140521,106.79,106.79,106.79,106.79,0
ALT023,20140522,107.81,107.81,107.81,107.81,0
ALT023,20140523,107.90,107.90,107.90,107.90,0
ALT023,20140526,107.99,107.99,107.99,107.99,0
ALT023,20140527,107.92,107.92,107.92,107.92,0
ALT023,20140528,107.66,107.66,107.66,107.66,0
ALT023,20140529,108.06,108.06,108.06,108.06,0
ALT023,20140530,107.68,107.68,107.68,107.68,0
ALT023,20140602,107.81,107.81,107.81,107.81,0
ALT023,20140603,107.86,107.86,107.86,107.86,0
ALT023,20140604,108.00,108.00,108.00,108.00,0
ALT023,20140605,108.35,108.35,108.35,108.35,0
ALT023,20140606,108.65,108.65,108.65,108.65,0
ALT023,20140609,108.58,108.58,108.58,108.58,0
ALT023,20140610,108.74,108.74,108.74,108.74,0
ALT023,20140611,108.41,108.41,108.41,108.41,0
ALT023,20140612,108.37,108.37,108.37,108.37,0
ALT023,20140613,108.20,108.20,108.20,108.20,0
ALT023,20140616,107.93,107.93,107.93,107.93,0
ALT023,20140617,108.09,108.09,108.09,108.09,0
ALT023,20140618,108.07,108.07,108.07,108.07,0
ALT023,20140620,108.14,108.14,108.14,108.14,0
ALT023,20140623,108.21,108.21,108.21,108.21,0
ALT023,20140624,108.09,108.09,108.09,108.09,0
ALT023,20140625,107.47,107.47,107.47,107.47,0
ALT023,20140626,107.21,107.21,107.21,107.21,0
ALT023,20140627,107.23,107.23,107.23,107.23,0
ALT023,20140630,107.30,107.30,107.30,107.30,0
ALT023,20140701,107.12,107.12,107.12,107.12,0
ALT023,20140702,106.57,106.57,106.57,106.57,0
ALT023,20140703,106.30,106.30,106.30,106.30,0
ALT023,20140704,106.36,106.36,106.36,106.36,0
ALT023,20140707,106.48,106.48,106.48,106.48,0
ALT023,20140708,106.17,106.17,106.17,106.17,0
ALT023,20140709,105.95,105.95,105.95,105.95,0
ALT023,20140710,105.70,105.70,105.70,105.70,0
ALT023,20140711,106.17,106.17,106.17,106.17,0
ALT023,20140714,106.21,106.21,106.21,106.21,0
ALT023,20140715,106.24,106.24,106.24,106.24,0
ALT023,20140716,106.27,106.27,106.27,106.27,0
ALT023,20140717,106.28,106.28,106.28,106.28,0
ALT023,20140718,106.14,106.14,106.14,106.14,0
ALT023,20140721,106.01,106.01,106.01,106.01,0
ALT023,20140722,106.31,106.31,106.31,106.31,0
ALT023,20140723,106.44,106.44,106.44,106.44,0
ALT023,20140724,106.39,106.39,106.39,106.39,0
ALT023,20140725,106.37,106.37,106.37,106.37,0
ALT023,20140728,106.49,106.49,106.49,106.49,0
ALT023,20140729,106.31,106.31,106.31,106.31,0
ALT023,20140730,105.68,105.68,105.68,105.68,0
ALT023,20140731,105.38,105.38,105.38,105.38,0
ALT023,20140801,105.47,105.47,105.47,105.47,0
ALT023,20140804,105.79,105.79,105.79,105.79,0
ALT023,20140805,105.50,105.50,105.50,105.50,0
ALT023,20140806,105.38,105.38,105.38,105.38,0
ALT023,20140807,104.96,104.96,104.96,104.96,0
ALT023,20140808,104.73,104.73,104.73,104.73,0
ALT023,20140811,105.42,105.42,105.42,105.42,0
ALT023,20140812,105.52,105.52,105.52,105.52,0
ALT023,20140813,105.93,105.93,105.93,105.93,0
ALT023,20140814,106.46,106.46,106.46,106.46,0
ALT023,20140818,107.15,107.15,107.15,107.15,0
ALT023,20140820,107.26,107.26,107.26,107.26,0
ALT023,20140821,107.38,107.38,107.38,107.38,0
ALT023,20140822,107.21,107.21,107.21,107.21,0
ALT023,20140825,107.53,107.53,107.53,107.53,0
ALT023,20140826,108.05,108.05,108.05,108.05,0
ALT023,20140827,108.09,108.09,108.09,108.09,0
ALT023,20140828,107.45,107.45,107.45,107.45,0
ALT023,20140829,107.70,107.70,107.70,107.70,0
ALT023,20140901,107.97,107.97,107.97,107.97,0
ALT023,20140902,108.06,108.06,108.06,108.06,0
ALT023,20140903,108.77,108.77,108.77,108.77,0
ALT023,20140904,109.15,109.15,109.15,109.15,0
ALT023,20140905,109.32,109.32,109.32,109.32,0
ALT023,20140908,109.67,109.67,109.67,109.67,0
ALT023,20140909,109.70,109.70,109.70,109.70,0
ALT023,20140910,109.80,109.80,109.80,109.80,0
ALT023,20140918,109.96,109.96,109.96,109.96,0
ALT023,20140919,110.62,110.62,110.62,110.62,0
ALT023,20140922,110.56,110.56,110.56,110.56,0
ALT023,20140923,109.96,109.96,109.96,109.96,0
ALT023,20140924,110.03,110.03,110.03,110.03,0
ALT023,20140925,110.22,110.22,110.22,110.22,0
ALT023,20140929,110.29,110.29,110.29,110.29,0
ALT023,20140930,110.44,110.44,110.44,110.44,0
ALT023,20141001,109.92,109.92,109.92,109.92,0
ALT023,20141002,109.41,109.41,109.41,109.41,0
ALT023,20141006,109.90,109.90,109.90,109.90,0
ALT023,20141007,109.82,109.82,109.82,109.82,0
ALT023,20141008,109.37,109.37,109.37,109.37,0
ALT023,20141009,109.53,109.53,109.53,109.53,0
ALT023,20141010,109.05,109.05,109.05,109.05,0
ALT023,20141013,108.94,108.94,108.94,108.94,0
ALT023,20141014,109.15,109.15,109.15,109.15,0
ALT023,20141015,108.85,108.85,108.85,108.85,0
ALT023,20141016,108.58,108.58,108.58,108.58,0
ALT023,20141017,108.82,108.82,108.82,108.82,0
ALT023,20141020,108.93,108.93,108.93,108.93,0
ALT023,20141021,109.41,109.41,109.41,109.41,0
ALT023,20141022,109.54,109.54,109.54,109.54,0
ALT023,20141023,109.54,109.54,109.54,109.54,0
ALT023,20141024,109.57,109.57,109.57,109.57,0
ALT023,20141027,109.56,109.56,109.56,109.56,0
ALT023,20141028,109.79,109.79,109.79,109.79,0
ALT023,20141029,109.57,109.57,109.57,109.57,0
ALT023,20141030,109.68,109.68,109.68,109.68,0
ALT023,20141031,110.00,110.00,110.00,110.00,0
ALT023,20141103,109.94,109.94,109.94,109.94,0
ALT023,20141104,109.85,109.85,109.85,109.85,0
ALT023,20141105,109.78,109.78,109.78,109.78,0
ALT023,20141106,109.56,109.56,109.56,109.56,0
ALT023,20141107,109.63,109.63,109.63,109.63,0
ALT023,20141110,109.51,109.51,109.51,109.51,0
ALT023,20141112,109.54,109.54,109.54,109.54,0
ALT023,20141113,109.45,109.45,109.45,109.45,0
ALT023,20141114,109.39,109.39,109.39,109.39,0
ALT023,20141117,109.01,109.01,109.01,109.01,0
ALT023,20141118,108.93,108.93,108.93,108.93,0
ALT023,20141119,108.85,108.85,108.85,108.85,0
ALT023,20141120,108.74,108.74,108.74,108.74,0
ALT023,20141121,109.50,109.50,109.50,109.50,0
ALT023,20141124,109.03,109.03,109.03,109.03,0
ALT023,20141125,109.10,109.10,109.10,109.10,0
ALT023,20141126,109.28,109.28,109.28,109.28,0
ALT023,20141127,109.47,109.47,109.47,109.47,0
ALT023,20141128,109.69,109.69,109.69,109.69,0
ALT023,20141201,109.54,109.54,109.54,109.54,0
ALT023,20141202,109.80,109.80,109.80,109.80,0
ALT023,20141203,109.85,109.85,109.85,109.85,0
ALT023,20141204,109.55,109.55,109.55,109.55,0
ALT023,20141205,109.66,109.66,109.66,109.66,0
ALT023,20141208,109.54,109.54,109.54,109.54,0
ALT023,20141209,108.78,108.78,108.78,108.78,0
ALT023,20141210,108.64,108.64,108.64,108.64,0
ALT023,20141211,108.43,108.43,108.43,108.43,0
ALT023,20141212,108.54,108.54,108.54,108.54,0
ALT023,20141215,108.48,108.48,108.48,108.48,0
ALT023,20141216,107.57,107.57,107.57,107.57,0
ALT023,20141217,108.09,108.09,108.09,108.09,0
ALT023,20141218,109.05,109.05,109.05,109.05,0
ALT023,20141219,108.83,108.83,108.83,108.83,0
ALT023,20141222,108.73,108.73,108.73,108.73,0
ALT023,20141223,108.86,108.86,108.86,108.86,0
ALT023,20141229,108.65,108.65,108.65,108.65,0
ALT023,20141230,108.85,108.85,108.85,108.85,0
ALT023,20150102,109.13,109.13,109.13,109.13,0
ALT023,20150105,109.27,109.27,109.27,109.27,0
ALT023,20150107,110.10,110.10,110.10,110.10,0
ALT023,20150108,110.94,110.94,110.94,110.94,0
ALT023,20150109,111.10,111.10,111.10,111.10,0
ALT023,20150112,111.19,111.19,111.19,111.19,0
ALT023,20150113,111.15,111.15,111.15,111.15,0
ALT023,20150114,111.01,111.01,111.01,111.01,0
ALT023,20150115,110.24,110.24,110.24,110.24,0
ALT023,20150116,110.09,110.09,110.09,110.09,0
ALT023,20150119,109.92,109.92,109.92,109.92,0
ALT023,20150120,109.88,109.88,109.88,109.88,0
ALT023,20150121,110.20,110.20,110.20,110.20,0
ALT023,20150122,110.67,110.67,110.67,110.67,0
ALT023,20150123,110.93,110.93,110.93,110.93,0
ALT023,20150126,110.83,110.83,110.83,110.83,0
ALT023,20150127,110.82,110.82,110.82,110.82,0
ALT023,20150128,110.93,110.93,110.93,110.93,0
ALT023,20150129,111.13,111.13,111.13,111.13,0
ALT023,20150130,111.32,111.32,111.32,111.32,0
ALT023,20150202,111.14,111.14,111.14,111.14,0
ALT023,20150203,111.12,111.12,111.12,111.12,0
ALT023,20150204,111.13,111.13,111.13,111.13,0
ALT023,20150205,111.04,111.04,111.04,111.04,0
ALT023,20150206,111.28,111.28,111.28,111.28,0
ALT023,20150209,111.02,111.02,111.02,111.02,0
ALT023,20150210,110.78,110.78,110.78,110.78,0
ALT023,20150211,110.45,110.45,110.45,110.45,0
ALT023,20150212,111.05,111.05,111.05,111.05,0
ALT023,20150213,111.39,111.39,111.39,111.39,0
ALT023,20150216,111.77,111.77,111.77,111.77,0
ALT023,20150217,111.58,111.58,111.58,111.58,0
ALT023,20150218,111.30,111.30,111.30,111.30,0
ALT023,20150219,111.38,111.38,111.38,111.38,0
ALT023,20150220,111.35,111.35,111.35,111.35,0
ALT023,20150223,111.65,111.65,111.65,111.65,0
ALT023,20150224,111.94,111.94,111.94,111.94,0
ALT023,20150225,111.97,111.97,111.97,111.97,0
ALT023,20150226,112.57,112.57,112.57,112.57,0
ALT023,20150227,112.74,112.74,112.74,112.74,0
ALT023,20150302,112.65,112.65,112.65,112.65,0
ALT023,20150303,112.02,112.02,112.02,112.02,0
ALT023,20150304,112.17,112.17,112.17,112.17,0
ALT023,20150305,112.64,112.64,112.64,112.64,0
ALT023,20150306,111.98,111.98,111.98,111.98,0
ALT023,20150309,111.90,111.90,111.90,111.90,0
ALT023,20150310,111.56,111.56,111.56,111.56,0
ALT023,20150311,111.88,111.88,111.88,111.88,0
ALT023,20150312,112.34,112.34,112.34,112.34,0
ALT023,20150313,111.90,111.90,111.90,111.90,0
ALT023,20150316,112.14,112.14,112.14,112.14,0
ALT023,20150317,112.19,112.19,112.19,112.19,0
ALT023,20150318,112.43,112.43,112.43,112.43,0
ALT023,20150319,113.40,113.40,113.40,113.40,0
ALT023,20150320,114.08,114.08,114.08,114.08,0
ALT023,20150323,114.19,114.19,114.19,114.19,0
ALT023,20150324,114.07,114.07,114.07,114.07,0
ALT023,20150325,113.92,113.92,113.92,113.92,0
ALT023,20150326,113.12,113.12,113.12,113.12,0
ALT023,20150327,113.05,113.05,113.05,113.05,0
ALT023,20150330,113.77,113.77,113.77,113.77,0
ALT023,20150331,113.60,113.60,113.60,113.60,0
ALT023,20150401,113.57,113.57,113.57,113.57,0
ALT023,20150402,113.67,113.67,113.67,113.67,0
ALT023,20150407,114.09,114.09,114.09,114.09,0
ALT023,20150408,114.44,114.44,114.44,114.44,0
ALT023,20150409,114.71,114.71,114.71,114.71,0
ALT023,20150410,114.71,114.71,114.71,114.71,0
ALT023,20150413,114.36,114.36,114.36,114.36,0
ALT023,20150414,114.62,114.62,114.62,114.62,0
ALT023,20150415,115.41,115.41,115.41,115.41,0
ALT023,20150416,115.75,115.75,115.75,115.75,0
ALT023,20150417,115.29,115.29,115.29,115.29,0
ALT023,20150420,115.68,115.68,115.68,115.68,0
ALT023,20150421,115.31,115.31,115.31,115.31,0
ALT023,20150422,115.02,115.02,115.02,115.02,0
ALT023,20150423,115.04,115.04,115.04,115.04,0
ALT023,20150424,115.57,115.57,115.57,115.57,0
ALT023,20150427,116.27,116.27,116.27,116.27,0
ALT023,20150428,116.22,116.22,116.22,116.22,0
ALT023,20150429,115.82,115.82,115.82,115.82,0
ALT023,20150430,115.78,115.78,115.78,115.78,0
ALT023,20150504,116.24,116.24,116.24,116.24,0
ALT023,20150505,115.62,115.62,115.62,115.62,0
ALT023,20150506,115.36,115.36,115.36,115.36,0
ALT023,20150507,115.98,115.98,115.98,115.98,0
ALT023,20150508,116.80,116.80,116.80,116.80,0
ALT023,20150511,116.45,116.45,116.45,116.45,0
ALT023,20150512,115.86,115.86,115.86,115.86,0
ALT023,20150513,115.97,115.97,115.97,115.97,0
ALT023,20150514,116.25,116.25,116.25,116.25,0
ALT023,20150515,116.07,116.07,116.07,116.07,0
ALT023,20150518,116.32,116.32,116.32,116.32,0
ALT023,20150519,116.51,116.51,116.51,116.51,0
ALT023,20150520,116.52,116.52,116.52,116.52,0
ALT023,20150521,116.54,116.54,116.54,116.54,0
ALT023,20150522,116.15,116.15,116.15,116.15,0
ALT023,20150525,115.20,115.20,115.20,115.20,0
ALT023,20150526,114.62,114.62,114.62,114.62,0
ALT023,20150527,115.32,115.32,115.32,115.32,0
ALT023,20150528,115.05,115.05,115.05,115.05,0
ALT023,20150529,114.67,114.67,114.67,114.67,0
ALT023,20150601,114.85,114.85,114.85,114.85,0
ALT023,20150602,114.25,114.25,114.25,114.25,0
ALT023,20150603,114.26,114.26,114.26,114.26,0
ALT023,20150605,113.36,113.36,113.36,113.36,0
ALT023,20150608,113.01,113.01,113.01,113.01,0
ALT023,20150609,112.77,112.77,112.77,112.77,0
ALT023,20150610,113.18,113.18,113.18,113.18,0
ALT023,20150611,113.15,113.15,113.15,113.15,0
ALT023,20150612,112.91,112.91,112.91,112.91,0
ALT023,20150615,112.62,112.62,112.62,112.62,0
ALT023,20150616,112.47,112.47,112.47,112.47,0
ALT023,20150617,111.52,111.52,111.52,111.52,0
ALT023,20150618,111.67,111.67,111.67,111.67,0
ALT023,20150619,111.32,111.32,111.32,111.32,0
ALT023,20150622,112.98,112.98,112.98,112.98,0
ALT023,20150623,113.04,113.04,113.04,113.04,0
ALT023,20150624,113.03,113.03,113.03,113.03,0
ALT023,20150625,112.94,112.94,112.94,112.94,0
ALT023,20150626,112.75,112.75,112.75,112.75,0
ALT023,20150629,111.63,111.63,111.63,111.63,0
ALT023,20150630,111.80,111.80,111.80,111.80,0
ALT023,20150701,111.92,111.92,111.92,111.92,0
ALT023,20150702,112.02,112.02,112.02,112.02,0
ALT023,20150703,111.72,111.72,111.72,111.72,0
ALT023,20150706,111.37,111.37,111.37,111.37,0
ALT023,20150707,110.25,110.25,110.25,110.25,0
ALT023,20150708,110.11,110.11,110.11,110.11,0
ALT023,20150709,110.44,110.44,110.44,110.44,0
ALT023,20150710,111.79,111.79,111.79,111.79,0
ALT023,20150713,112.18,112.18,112.18,112.18,0
ALT023,20150714,112.14,112.14,112.14,112.14,0
ALT023,20150715,112.31,112.31,112.31,112.31,0
ALT023,20150716,113.07,113.07,113.07,113.07,0
ALT023,20150717,113.17,113.17,113.17,113.17,0
ALT023,20150720,112.94,112.94,112.94,112.94,0
ALT023,20150721,112.65,112.65,112.65,112.65,0
ALT023,20150722,111.82,111.82,111.82,111.82,0
ALT023,20150723,111.96,111.96,111.96,111.96,0
ALT023,20150724,111.86,111.86,111.86,111.86,0
ALT023,20150727,111.37,111.37,111.37,111.37,0
ALT023,20150728,111.69,111.69,111.69,111.69,0
ALT023,20150729,111.99,111.99,111.99,111.99,0
ALT023,20150730,111.97,111.97,111.97,111.97,0
ALT023,20150731,112.44,112.44,112.44,112.44,0
ALT023,20150803,112.57,112.57,112.57,112.57,0
ALT023,20150804,112.76,112.76,112.76,112.76,0
ALT023,20150805,113.49,113.49,113.49,113.49,0
ALT023,20150806,112.75,112.75,112.75,112.75,0
ALT023,20150807,112.57,112.57,112.57,112.57,0
ALT023,20150810,112.93,112.93,112.93,112.93,0
ALT023,20150811,112.70,112.70,112.70,112.70,0
ALT023,20150812,112.30,112.30,112.30,112.30,0
ALT023,20150813,112.29,112.29,112.29,112.29,0
ALT023,20150814,111.99,111.99,111.99,111.99,0
ALT023,20150817,111.79,111.79,111.79,111.79,0
ALT023,20150818,111.43,111.43,111.43,111.43,0
ALT023,20150819,111.57,111.57,111.57,111.57,0
ALT023,20150820,111.22,111.22,111.22,111.22,0
ALT023,20150821,110.29,110.29,110.29,110.29,0
ALT023,20150824,106.51,106.51,106.51,106.51,0
ALT023,20150825,107.04,107.04,107.04,107.04,0
ALT023,20150826,106.48,106.48,106.48,106.48,0
ALT023,20150827,108.14,108.14,108.14,108.14,0
ALT023,20150828,108.82,108.82,108.82,108.82,0
ALT023,20150831,108.89,108.89,108.89,108.89,0
ALT023,20150901,107.33,107.33,107.33,107.33,0
ALT023,20150902,107.32,107.32,107.32,107.32,0
ALT023,20150903,107.69,107.69,107.69,107.69,0
ALT023,20150904,107.33,107.33,107.33,107.33,0
ALT023,20150907,107.32,107.32,107.32,107.32,0
ALT023,20150908,107.54,107.54,107.54,107.54,0
ALT023,20150909,107.85,107.85,107.85,107.85,0
ALT023,20150910,107.88,107.88,107.88,107.88,0
ALT023,20150911,107.70,107.70,107.70,107.70,0
ALT023,20150914,107.57,107.57,107.57,107.57,0
ALT023,20150915,107.43,107.43,107.43,107.43,0
ALT023,20150916,107.88,107.88,107.88,107.88,0
ALT023,20150917,107.96,107.96,107.96,107.96,0
ALT023,20150918,108.36,108.36,108.36,108.36,0
ALT023,20150921,108.19,108.19,108.19,108.19,0
ALT023,20150922,108.56,108.56,108.56,108.56,0
ALT023,20150923,108.04,108.04,108.04,108.04,0
ALT023,20150924,107.75,107.75,107.75,107.75,0
ALT023,20150925,108.16,108.16,108.16,108.16,0
ALT023,20150928,107.49,107.49,107.49,107.49,0
ALT023,20150929,107.25,107.25,107.25,107.25,0
ALT023,20150930,108.12,108.12,108.12,108.12,0
ALT023,20151001,108.33,108.33,108.33,108.33,0
ALT023,20151002,108.35,108.35,108.35,108.35,0
ALT023,20151005,109.18,109.18,109.18,109.18,0
ALT023,20151006,109.46,109.46,109.46,109.46,0
ALT023,20151007,109.60,109.60,109.60,109.60,0
ALT023,20151008,110.13,110.13,110.13,110.13,0
ALT023,20151009,110.55,110.55,110.55,110.55,0
ALT023,20151012,110.49,110.49,110.49,110.49,0
ALT023,20151013,110.18,110.18,110.18,110.18,0
ALT023,20151014,110.19,110.19,110.19,110.19,0
ALT023,20151015,110.54,110.54,110.54,110.54,0
ALT023,20151016,110.79,110.79,110.79,110.79,0
ALT023,20151019,110.51,110.51,110.51,110.51,0
ALT023,20151020,110.87,110.87,110.87,110.87,0
ALT023,20151021,110.98,110.98,110.98,110.98,0
ALT023,20151022,111.04,111.04,111.04,111.04,0
ALT023,20151023,111.15,111.15,111.15,111.15,0
ALT023,20151026,111.28,111.28,111.28,111.28,0
ALT023,20151027,111.30,111.30,111.30,111.30,0
ALT023,20151028,111.60,111.60,111.60,111.60,0
ALT023,20151029,111.26,111.26,111.26,111.26,0
ALT023,20151030,111.72,111.72,111.72,111.72,0
ALT023,20151102,111.84,111.84,111.84,111.84,0
ALT023,20151103,111.43,111.43,111.43,111.43,0
ALT023,20151104,111.27,111.27,111.27,111.27,0
ALT023,20151105,111.20,111.20,111.20,111.20,0
ALT023,20151106,110.68,110.68,110.68,110.68,0
ALT023,20151109,110.48,110.48,110.48,110.48,0
ALT023,20151110,110.48,110.48,110.48,110.48,0
ALT023,20151112,110.49,110.49,110.49,110.49,0
ALT023,20151113,110.13,110.13,110.13,110.13,0
ALT023,20151116,110.15,110.15,110.15,110.15,0
ALT023,20151117,110.80,110.80,110.80,110.80,0
ALT023,20151118,111.37,111.37,111.37,111.37,0
ALT023,20151119,111.22,111.22,111.22,111.22,0
ALT023,20151120,111.45,111.45,111.45,111.45,0
ALT023,20151123,110.58,110.58,110.58,110.58,0
ALT023,20151124,110.34,110.34,110.34,110.34,0
ALT023,20151125,110.63,110.63,110.63,110.63,0
ALT023,20151126,111.16,111.16,111.16,111.16,0
ALT023,20151127,110.95,110.95,110.95,110.95,0
ALT023,20151130,111.04,111.04,111.04,111.04,0
ALT023,20151201,110.87,110.87,110.87,110.87,0
ALT023,20151202,110.46,110.46,110.46,110.46,0
ALT023,20151203,110.56,110.56,110.56,110.56,0
ALT023,20151204,110.37,110.37,110.37,110.37,0
ALT023,20151207,110.02,110.02,110.02,110.02,0
ALT023,20151208,109.25,109.25,109.25,109.25,0
ALT023,20151209,108.05,108.05,108.05,108.05,0
ALT023,20151210,108.52,108.52,108.52,108.52,0
ALT023,20151211,108.54,108.54,108.54,108.54,0
ALT023,20151214,108.39,108.39,108.39,108.39,0
ALT023,20151215,107.84,107.84,107.84,107.84,0
ALT023,20151216,108.56,108.56,108.56,108.56,0
ALT023,20151217,109.53,109.53,109.53,109.53,0
ALT023,20151218,109.60,109.60,109.60,109.60,0
ALT023,20151221,109.97,109.97,109.97,109.97,0
ALT023,20151222,110.04,110.04,110.04,110.04,0
ALT023,20151223,110.57,110.57,110.57,110.57,0
ALT023,20151228,110.68,110.68,110.68,110.68,0
ALT023,20151229,111.08,111.08,111.08,111.08,0
ALT023,20151230,110.90,110.90,110.90,110.90,0
ALT023,20160104,109.44,109.44,109.44,109.44,0
ALT023,20160105,109.10,109.10,109.10,109.10,0
ALT023,20160107,108.21,108.21,108.21,108.21,0
ALT023,20160108,108.25,108.25,108.25,108.25,0
ALT023,20160111,107.71,107.71,107.71,107.71,0
ALT023,20160112,107.82,107.82,107.82,107.82,0
ALT023,20160113,108.40,108.40,108.40,108.40,0
ALT023,20160114,107.85,107.85,107.85,107.85,0
ALT023,20160115,107.60,107.60,107.60,107.60,0
ALT023,20160118,106.87,106.87,106.87,106.87,0
ALT023,20160119,106.82,106.82,106.82,106.82,0
ALT023,20160120,106.42,106.42,106.42,106.42,0
ALT023,20160121,106.16,106.16,106.16,106.16,0
ALT023,20160122,106.81,106.81,106.81,106.81,0
ALT023,20160125,106.98,106.98,106.98,106.98,0
ALT023,20160126,107.16,107.16,107.16,107.16,0
ALT023,20160127,107.32,107.32,107.32,107.32,0
ALT023,20160128,107.39,107.39,107.39,107.39,0
ALT023,20160129,107.67,107.67,107.67,107.67,0
ALT023,20160201,107.84,107.84,107.84,107.84,0
ALT023,20160202,107.65,107.65,107.65,107.65,0
ALT023,20160203,107.56,107.56,107.56,107.56,0
ALT023,20160204,107.87,107.87,107.87,107.87,0
ALT023,20160205,107.52,107.52,107.52,107.52,0
ALT023,20160208,106.93,106.93,106.93,106.93,0
ALT023,20160209,106.77,106.77,106.77,106.77,0
ALT023,20160210,106.59,106.59,106.59,106.59,0
