Name,Date,Open,High,Low,Close,Volume
ALT001,20120928,100.02,100.02,100.02,100.02,0
ALT001,20121001,100.02,100.02,100.02,100.02,0
ALT001,20121002,100.02,100.02,100.02,100.02,0
ALT001,20121003,100.03,100.03,100.03,100.03,0
ALT001,20121004,100.03,100.03,100.03,100.03,0
ALT001,20121005,100.00,100.00,100.00,100.00,0
ALT001,20121008,100.03,100.03,100.03,100.03,0
ALT001,20121009,100.82,100.82,100.82,100.82,0
ALT001,20121010,101.50,101.50,101.50,101.50,0
ALT001,20121011,101.62,101.62,101.62,101.62,0
ALT001,20121012,101.80,101.80,101.80,101.80,0
ALT001,20121015,102.84,102.84,102.84,102.84,0
ALT001,20121016,103.25,103.25,103.25,103.25,0
ALT001,20121017,102.87,102.87,102.87,102.87,0
ALT001,20121018,104.69,104.69,104.69,104.69,0
ALT001,20121019,104.86,104.86,104.86,104.86,0
ALT001,20121022,105.87,105.87,105.87,105.87,0
ALT001,20121023,105.88,105.88,105.88,105.88,0
ALT001,20121024,104.86,104.86,104.86,104.86,0
ALT001,20121025,104.88,104.88,104.88,104.88,0
ALT001,20121026,104.99,104.99,104.99,104.99,0
ALT001,20121029,105.30,105.30,105.30,105.30,0
ALT001,20121030,105.55,105.55,105.55,105.55,0
ALT001,20121031,105.57,105.57,105.57,105.57,0
ALT001,20121102,105.65,105.65,105.65,105.65,0
ALT001,20121105,105.69,105.69,105.69,105.69,0
ALT001,20121106,105.85,105.85,105.85,105.85,0
ALT001,20121107,105.78,105.78,105.78,105.78,0
ALT001,20121108,105.86,105.86,105.86,105.86,0
ALT001,20121109,105.96,105.96,105.96,105.96,0
ALT001,20121112,106.14,106.14,106.14,106.14,0
ALT001,20121113,106.09,106.09,106.09,106.09,0
ALT001,20121114,106.39,106.39,106.39,106.39,0
ALT001,20121115,106.93,106.93,106.93,106.93,0
ALT001,20121116,107.81,107.81,107.81,107.81,0
ALT001,20121119,108.07,108.07,108.07,108.07,0
ALT001,20121120,108.36,108.36,108.36,108.36,0
ALT001,20121121,108.66,108.66,108.66,108.66,0
ALT001,20121122,108.39,108.39,108.39,108.39,0
ALT001,20121123,108.41,108.41,108.41,108.41,0
ALT001,20121126,108.26,108.26,108.26,108.26,0
ALT001,20121127,108.04,108.04,108.04,108.04,0
ALT001,20121128,107.99,107.99,107.99,107.99,0
ALT001,20121129,108.48,108.48,108.48,108.48,0
ALT001,20121130,110.06,110.06,110.06,110.06,0
ALT001,20121203,110.19,110.19,110.19,110.19,0
ALT001,20121204,110.88,110.88,110.88,110.88,0
ALT001,20121205,111.30,111.30,111.30,111.30,0
ALT001,20121206,111.30,111.30,111.30,111.30,0
ALT001,20121207,111.02,111.02,111.02,111.02,0
ALT001,20121210,110.79,110.79,110.79,110.79,0
ALT001,20121211,111.37,111.37,111.37,111.37,0
ALT001,20121212,111.95,111.95,111.95,111.95,0
ALT001,20121213,112.22,112.22,112.22,112.22,0
ALT001,20121214,112.67,112.67,112.67,112.67,0
ALT001,20121217,112.49,112.49,112.49,112.49,0
ALT001,20121218,112.44,112.44,112.44,112.44,0
ALT001,20121219,112.66,112.66,112.66,112.66,0
ALT001,20121220,112.67,112.67,112.67,112.67,0
ALT001,20121221,114.65,114.65,114.65,114.65,0
ALT001,20121227,114.54,114.54,114.54,114.54,0
ALT001,20121228,115.22,115.22,115.22,115.22,0
ALT001,20130102,115.04,115.04,115.04,115.04,0
ALT001,20130103,115.66,115.66,115.66,115.66,0
ALT001,20130104,115.39,115.39,115.39,115.39,0
ALT001,20130107,115.01,115.01,115.01,115.01,0
ALT001,20130108,115.70,115.70,115.70,115.70,0
ALT001,20130109,115.64,115.64,115.64,115.64,0
ALT001,20130110,116.07,116.07,116.07,116.07,0
ALT001,20130111,116.26,116.26,116.26,116.26,0
ALT001,20130114,116.54,116.54,116.54,116.54,0
ALT001,20130115,116.04,116.04,116.04,116.04,0
ALT001,20130116,115.40,115.40,115.40,115.40,0
ALT001,20130117,116.08,116.08,116.08,116.08,0
ALT001,20130118,116.15,116.15,116.15,116.15,0
ALT001,20130121,116.59,116.59,116.59,116.59,0
ALT001,20130122,116.85,116.85,116.85,116.85,0
ALT001,20130123,116.89,116.89,116.89,116.89,0
ALT001,20130124,117.39,117.39,117.39,117.39,0
ALT001,20130125,117.18,117.18,117.18,117.18,0
ALT001,20130128,117.12,117.12,117.12,117.12,0
ALT001,20130129,117.10,117.10,117.10,117.10,0
ALT001,20130130,116.99,116.99,116.99,116.99,0
ALT001,20130131,118.18,118.18,118.18,118.18,0
ALT001,20130201,117.98,117.98,117.98,117.98,0
ALT001,20130204,118.10,118.10,118.10,118.10,0
ALT001,20130205,117.89,117.89,117.89,117.89,0
ALT001,20130206,117.60,117.60,117.60,117.60,0
ALT001,20130207,117.55,117.55,117.55,117.55,0
ALT001,20130208,117.63,117.63,117.63,117.63,0
ALT001,20130211,117.75,117.75,117.75,117.75,0
ALT001,20130212,118.38,118.38,118.38,118.38,0
ALT001,20130213,118.62,118.62,118.62,118.62,0
ALT001,20130214,118.85,118.85,118.85,118.85,0
ALT001,20130215,119.02,119.02,119.02,119.02,0
ALT001,20130218,119.84,119.84,119.84,119.84,0
ALT001,20130219,119.88,119.88,119.88,119.88,0
ALT001,20130220,119.79,119.79,119.79,119.79,0
ALT001,20130221,119.81,119.81,119.81,119.81,0
ALT001,20130222,120.05,120.05,120.05,120.05,0
ALT001,20130225,120.22,120.22,120.22,120.22,0
ALT001,20130226,120.15,120.15,120.15,120.15,0
ALT001,20130227,120.45,120.45,120.45,120.45,0
ALT001,20130228,120.68,120.68,120.68,120.68,0
ALT001,20130301,121.06,121.06,121.06,121.06,0
ALT001,20130304,120.80,120.80,120.80,120.80,0
ALT001,20130305,120.94,120.94,120.94,120.94,0
ALT001,20130306,121.30,121.30,121.30,121.30,0
ALT001,20130307,121.36,121.36,121.36,121.36,0
ALT001,20130308,121.58,121.58,121.58,121.58,0
ALT001,20130311,121.68,121.68,121.68,121.68,0
ALT001,20130312,122.24,122.24,122.24,122.24,0
ALT001,20130313,122.32,122.32,122.32,122.32,0
ALT001,20130314,122.22,122.22,122.22,122.22,0
ALT001,20130315,122.24,122.24,122.24,122.24,0
ALT001,20130318,122.08,122.08,122.08,122.08,0
ALT001,20130319,122.14,122.14,122.14,122.14,0
ALT001,20130320,122.05,122.05,122.05,122.05,0
ALT001,20130321,121.98,121.98,121.98,121.98,0
ALT001,20130322,121.79,121.79,121.79,121.79,0
ALT001,20130325,121.86,121.86,121.86,121.86,0
ALT001,20130326,121.81,121.81,121.81,121.81,0
ALT001,20130327,122.11,122.11,122.11,122.11,0
ALT001,20130328,122.28,122.28,122.28,122.28,0
ALT001,20130402,122.34,122.34,122.34,122.34,0
ALT001,20130403,121.98,121.98,121.98,121.98,0
ALT001,20130404,121.95,121.95,121.95,121.95,0
ALT001,20130405,121.95,121.95,121.95,121.95,0
ALT001,20130408,121.83,121.83,121.83,121.83,0
ALT001,20130409,121.99,121.99,121.99,121.99,0
ALT001,20130410,122.13,122.13,122.13,122.13,0
ALT001,20130411,122.16,122.16,122.16,122.16,0
ALT001,20130412,122.06,122.06,122.06,122.06,0
ALT001,20130415,121.98,121.98,121.98,121.98,0
ALT001,20130417,121.57,121.57,121.57,121.57,0
ALT001,20130418,121.41,121.41,121.41,121.41,0
ALT001,20130419,121.27,121.27,121.27,121.27,0
ALT001,20130422,121.17,121.17,121.17,121.17,0
ALT001,20130423,121.02,121.02,121.02,121.02,0
ALT001,20130424,121.33,121.33,121.33,121.33,0
ALT001,20130425,121.85,121.85,121.85,121.85,0
ALT001,20130426,122.05,122.05,122.05,122.05,0
ALT001,20130429,122.10,122.10,122.10,122.10,0
ALT001,20130430,122.16,122.16,122.16,122.16,0
ALT001,20130502,122.03,122.03,122.03,122.03,0
ALT001,20130506,122.01,122.01,122.01,122.01,0
ALT001,20130507,122.07,122.07,122.07,122.07,0
ALT001,20130508,122.29,122.29,122.29,122.29,0
ALT001,20130509,122.26,122.26,122.26,122.26,0
ALT001,20130510,122.21,122.21,122.21,122.21,0
ALT001,20130513,122.09,122.09,122.09,122.09,0
ALT001,20130514,122.13,122.13,122.13,122.13,0
ALT001,20130515,122.23,122.23,122.23,122.23,0
ALT001,20130516,122.42,122.42,122.42,122.42,0
ALT001,20130517,122.57,122.57,122.57,122.57,0
ALT001,20130520,122.68,122.68,122.68,122.68,0
ALT001,20130521,122.84,122.84,122.84,122.84,0
ALT001,20130522,122.82,122.82,122.82,122.82,0
ALT001,20130523,122.98,122.98,122.98,122.98,0
ALT001,20130524,123.11,123.11,123.11,123.11,0
ALT001,20130527,123.59,123.59,123.59,123.59,0
ALT001,20130528,123.68,123.68,123.68,123.68,0
ALT001,20130529,123.73,123.73,123.73,123.73,0
ALT001,20130531,124.11,124.11,124.11,124.11,0
ALT001,20130603,123.92,123.92,123.92,123.92,0
ALT001,20130604,124.21,124.21,124.21,124.21,0
ALT001,20130605,124.36,124.36,124.36,124.36,0
ALT001,20130606,124.42,124.42,124.42,124.42,0
ALT001,20130607,124.52,124.52,124.52,124.52,0
ALT001,20130610,124.50,124.50,124.50,124.50,0
ALT001,20130611,124.68,124.68,124.68,124.68,0
ALT001,20130612,124.77,124.77,124.77,124.77,0
ALT001,20130613,124.72,124.72,124.72,124.72,0
ALT001,20130614,124.93,124.93,124.93,124.93,0
ALT001,20130617,124.97,124.97,124.97,124.97,0
ALT001,20130618,124.96,124.96,124.96,124.96,0
ALT001,20130619,124.92,124.92,124.92,124.92,0
ALT001,20130620,125.13,125.13,125.13,125.13,0
ALT001,20130621,124.98,124.98,124.98,124.98,0
ALT001,20130624,124.88,124.88,124.88,124.88,0
ALT001,20130625,124.92,124.92,124.92,124.92,0
ALT001,20130626,124.53,124.53,124.53,124.53,0
ALT001,20130627,124.55,124.55,124.55,124.55,0
ALT001,20130628,124.61,124.61,124.61,124.61,0
ALT001,20130701,124.58,124.58,124.58,124.58,0
ALT001,20130702,124.44,124.44,124.44,124.44,0
ALT001,20130703,124.40,124.40,124.40,124.40,0
ALT001,20130704,124.40,124.40,124.40,124.40,0
ALT001,20130705,124.33,124.33,124.33,124.33,0
ALT001,20130708,124.26,124.26,124.26,124.26,0
ALT001,20130709,124.24,124.24,124.24,124.24,0
ALT001,20130710,124.13,124.13,124.13,124.13,0
ALT001,20130711,124.17,124.17,124.17,124.17,0
ALT001,20130712,124.15,124.15,124.15,124.15,0
ALT001,20130715,124.10,124.10,124.10,124.10,0
ALT001,20130716,124.06,124.06,124.06,124.06,0
ALT001,20130717,124.08,124.08,124.08,124.08,0
ALT001,20130718,123.97,123.97,123.97,123.97,0
ALT001,20130719,124.01,124.01,124.01,124.01,0
ALT001,20130722,124.06,124.06,124.06,124.06,0
ALT001,20130723,124.06,124.06,124.06,124.06,0
ALT001,20130724,124.14,124.14,124.14,124.14,0
ALT001,20130725,124.12,124.12,124.12,124.12,0
ALT001,20130726,124.08,124.08,124.08,124.08,0
ALT001,20130729,124.10,124.10,124.10,124.10,0
ALT001,20130730,124.19,124.19,124.19,124.19,0
ALT001,20130731,124.33,124.33,124.33,124.33,0
ALT001,20130801,124.40,124.40,124.40,124.40,0
ALT001,20130802,124.58,124.58,124.58,124.58,0
ALT001,20130805,124.54,124.54,124.54,124.54,0
ALT001,20130806,124.44,124.44,124.44,124.44,0
ALT001,20130807,124.43,124.43,124.43,124.43,0
ALT001,20130808,124.47,124.47,124.47,124.47,0
ALT001,20130809,124.46,124.46,124.46,124.46,0
ALT001,20130812,124.54,124.54,124.54,124.54,0
ALT001,20130813,124.67,124.67,124.67,124.67,0
ALT001,20130814,124.65,124.65,124.65,124.65,0
ALT001,20130816,124.64,124.64,124.64,124.64,0
ALT001,20130819,124.55,124.55,124.55,124.55,0
ALT001,20130820,124.53,124.53,124.53,124.53,0
ALT001,20130821,124.51,124.51,124.51,124.51,0
ALT001,20130822,124.65,124.65,124.65,124.65,0
ALT001,20130823,124.72,124.72,124.72,124.72,0
ALT001,20130826,124.80,124.80,124.80,124.80,0
ALT001,20130827,124.71,124.71,124.71,124.71,0
ALT001,20130828,124.68,124.68,124.68,124.68,0
ALT001,20130829,124.68,124.68,124.68,124.68,0
ALT001,20130830,124.83,124.83,124.83,124.83,0
ALT001,20130902,124.87,124.87,124.87,124.87,0
ALT001,20130903,124.91,124.91,124.91,124.91,0
ALT001,20130904,124.85,124.85,124.85,124.85,0
ALT001,20130905,124.56,124.56,124.56,124.56,0
ALT001,20130906,124.92,124.92,124.92,124.92,0
ALT001,20130909,125.25,125.25,125.25,125.25,0
ALT001,20130910,125.63,125.63,125.63,125.63,0
ALT001,20130911,125.63,125.63,125.63,125.63,0
ALT001,20130912,125.79,125.79,125.79,125.79,0
ALT001,20130913,125.91,125.91,125.91,125.91,0
ALT001,20130916,125.85,125.85,125.85,125.85,0
ALT001,20130917,126.01,126.01,126.01,126.01,0
ALT001,20130918,126.04,126.04,126.04,126.04,0
ALT001,20130919,126.10,126.10,126.10,126.10,0
ALT001,20130920,126.16,126.16,126.16,126.16,0
ALT001,20130923,126.14,126.14,126.14,126.14,0
ALT001,20130924,126.12,126.12,126.12,126.12,0
ALT001,20130925,126.23,126.23,126.23,126.23,0
ALT001,20130926,126.29,126.29,126.29,126.29,0
ALT001,20130927,126.25,126.25,126.25,126.25,0
ALT001,20130930,126.15,126.15,126.15,126.15,0
ALT001,20131001,126.20,126.20,126.20,126.20,0
ALT001,20131002,126.33,126.33,126.33,126.33,0
ALT001,20131003,126.47,126.47,126.47,126.47,0
ALT001,20131004,126.63,126.63,126.63,126.63,0
ALT001,20131007,126.50,126.50,126.50,126.50,0
ALT001,20131008,126.44,126.44,126.44,126.44,0
ALT001,20131009,126.51,126.51,126.51,126.51,0
ALT001,20131010,127.01,127.01,127.01,127.01,0
ALT001,20131011,127.37,127.37,127.37,127.37,0
ALT001,20131014,127.48,127.48,127.48,127.48,0
ALT001,20131015,127.69,127.69,127.69,127.69,0
ALT001,20131016,127.57,127.57,127.57,127.57,0
ALT001,20131017,128.00,128.00,128.00,128.00,0
ALT001,20131018,128.05,128.05,128.05,128.05,0
ALT001,20131021,128.30,128.30,128.30,128.30,0
ALT001,20131022,128.62,128.62,128.62,128.62,0
ALT001,20131023,128.52,128.52,128.52,128.52,0
ALT001,20131024,128.56,128.56,128.56,128.56,0
ALT001,20131025,128.75,128.75,128.75,128.75,0
ALT001,20131028,128.91,128.91,128.91,128.91,0
ALT001,20131029,128.96,128.96,128.96,128.96,0
ALT001,20131030,129.60,129.60,129.60,129.60,0
ALT001,20131031,129.69,129.69,129.69,129.69,0
ALT001,20131104,129.61,129.61,129.61,129.61,0
ALT001,20131105,129.53,129.53,129.53,129.53,0
ALT001,20131106,129.47,129.47,129.47,129.47,0
ALT001,20131107,129.31,129.31,129.31,129.31,0
ALT001,20131108,129.22,129.22,129.22,129.22,0
ALT001,20131112,129.33,129.33,129.33,129.33,0
ALT001,20131113,129.35,129.35,129.35,129.35,0
ALT001,20131114,129.32,129.32,129.32,129.32,0
ALT001,20131115,129.51,129.51,129.51,129.51,0
ALT001,20131118,129.40,129.40,129.40,129.40,0
ALT001,20131119,129.40,129.40,129.40,129.40,0
ALT001,20131120,129.42,129.42,129.42,129.42,0
ALT001,20131121,129.35,129.35,129.35,129.35,0
ALT001,20131122,129.38,129.38,129.38,129.38,0
ALT001,20131125,129.50,129.50,129.50,129.50,0
ALT001,20131126,129.43,129.43,129.43,129.43,0
ALT001,20131127,129.57,129.57,129.57,129.57,0
ALT001,20131128,129.65,129.65,129.65,129.65,0
ALT001,20131129,129.94,129.94,129.94,129.94,0
ALT001,20131202,129.85,129.85,129.85,129.85,0
ALT001,20131203,129.58,129.58,129.58,129.58,0
ALT001,20131204,129.39,129.39,129.39,129.39,0
ALT001,20131205,129.50,129.50,129.50,129.50,0
ALT001,20131206,129.38,129.38,129.38,129.38,0
ALT001,20131209,129.72,129.72,129.72,129.72,0
ALT001,20131210,129.63,129.63,129.63,129.63,0
ALT001,20131211,129.67,129.67,129.67,129.67,0
ALT001,20131212,129.62,129.62,129.62,129.62,0
ALT001,20131213,129.61,129.61,129.61,129.61,0
ALT001,20131216,129.63,129.63,129.63,129.63,0
ALT001,20131217,129.50,129.50,129.50,129.50,0
ALT001,20131218,129.46,129.46,129.46,129.46,0
ALT001,20131219,129.38,129.38,129.38,129.38,0
ALT001,20131220,129.38,129.38,129.38,129.38,0
ALT001,20131223,129.54,129.54,129.54,129.54,0
ALT001,20131227,129.83,129.83,129.83,129.83,0
ALT001,20131230,130.11,130.11,130.11,130.11,0
ALT001,20140102,130.03,130.03,130.03,130.03,0
ALT001,20140103,129.99,129.99,129.99,129.99,0
ALT001,20140107,129.50,129.50,129.50,129.50,0
ALT001,20140108,129.41,129.41,129.41,129.41,0
ALT001,20140109,129.23,129.23,129.23,129.23,0
ALT001,20140110,129.03,129.03,129.03,129.03,0
ALT001,20140113,129.31,129.31,129.31,129.31,0
ALT001,20140114,129.41,129.41,129.41,129.41,0
ALT001,20140115,129.66,129.66,129.66,129.66,0
ALT001,20140116,129.70,129.70,129.70,129.70,0
ALT001,20140117,129.76,129.76,129.76,129.76,0
ALT001,20140120,129.54,129.54,129.54,129.54,0
ALT001,20140121,129.96,129.96,129.96,129.96,0
ALT001,20140122,130.18,130.18,130.18,130.18,0
ALT001,20140123,130.22,130.22,130.22,130.22,0
ALT001,20140124,130.39,130.39,130.39,130.39,0
ALT001,20140127,130.18,130.18,130.18,130.18,0
ALT001,20140128,130.30,130.30,130.30,130.30,0
ALT001,20140129,130.45,130.45,130.45,130.45,0
ALT001,20140130,130.37,130.37,130.37,130.37,0
ALT001,20140131,131.22,131.22,131.22,131.22,0
ALT001,20140203,131.40,131.40,131.40,131.40,0
ALT001,20140204,131.11,131.11,131.11,131.11,0
ALT001,20140205,131.39,131.39,131.39,131.39,0
ALT001,20140206,131.52,131.52,131.52,131.52,0
ALT001,20140207,131.06,131.06,131.06,131.06,0
ALT001,20140210,131.10,131.10,131.10,131.10,0
ALT001,20140211,131.46,131.46,131.46,131.46,0
ALT001,20140212,131.66,131.66,131.66,131.66,0
ALT001,20140213,131.42,131.42,131.42,131.42,0
ALT001,20140214,131.43,131.43,131.43,131.43,0
ALT001,20140217,131.33,131.33,131.33,131.33,0
ALT001,20140218,131.35,131.35,131.35,131.35,0
ALT001,20140219,131.26,131.26,131.26,131.26,0
ALT001,20140220,131.00,131.00,131.00,131.00,0
ALT001,20140221,131.01,131.01,131.01,131.01,0
ALT001,20140224,131.02,131.02,131.02,131.02,0
ALT001,20140225,130.90,130.90,130.90,130.90,0
ALT001,20140226,130.93,130.93,130.93,130.93,0
ALT001,20140227,131.11,131.11,131.11,131.11,0
ALT001,20140228,131.47,131.47,131.47,131.47,0
ALT001,20140303,130.41,130.41,130.41,130.41,0
ALT001,20140304,130.57,130.57,130.57,130.57,0
ALT001,20140305,130.59,130.59,130.59,130.59,0
ALT001,20140306,130.67,130.67,130.67,130.67,0
ALT001,20140307,130.56,130.56,130.56,130.56,0
ALT001,20140310,130.28,130.28,130.28,130.28,0
ALT001,20140311,130.10,130.10,130.10,130.10,0
ALT001,20140312,130.05,130.05,130.05,130.05,0
ALT001,20140313,129.95,129.95,129.95,129.95,0
ALT001,20140314,129.68,129.68,129.68,129.68,0
ALT001,20140317,129.97,129.97,129.97,129.97,0
ALT001,20140318,130.12,130.12,130.12,130.12,0
ALT001,20140319,130.03,130.03,130.03,130.03,0
ALT001,20140320,130.09,130.09,130.09,130.09,0
ALT001,20140321,130.09,130.09,130.09,130.09,0
ALT001,20140324,130.15,130.15,130.15,130.15,0
ALT001,20140325,130.04,130.04,130.04,130.04,0
ALT001,20140326,130.30,130.30,130.30,130.30,0
ALT001,20140327,130.19,130.19,130.19,130.19,0
ALT001,20140328,130.21,130.21,130.21,130.21,0
ALT001,20140331,130.36,130.36,130.36,130.36,0
ALT001,20140401,130.49,130.49,130.49,130.49,0
ALT001,20140402,130.58,130.58,130.58,130.58,0
ALT001,20140403,130.69,130.69,130.69,130.69,0
ALT001,20140404,130.71,130.71,130.71,130.71,0
ALT001,20140407,130.51,130.51,130.51,130.51,0
ALT001,20140408,130.64,130.64,130.64,130.64,0
ALT001,20140409,130.76,130.76,130.76,130.76,0
ALT001,20140410,131.05,131.05,131.05,131.05,0
ALT001,20140411,131.43,131.43,131.43,131.43,0
ALT001,20140414,131.06,131.06,131.06,131.06,0
ALT001,20140415,131.11,131.11,131.11,131.11,0
ALT001,20140416,130.64,130.64,130.64,130.64,0
ALT001,20140417,130.70,130.70,130.70,130.70,0
ALT001,20140422,130.89,130.89,130.89,130.89,0
ALT001,20140423,130.81,130.81,130.81,130.81,0
ALT001,20140424,130.61,130.61,130.61,130.61,0
ALT001,20140425,130.86,130.86,130.86,130.86,0
ALT001,20140428,130.76,130.76,130.76,130.76,0
ALT001,20140429,130.80,130.80,130.80,130.80,0
ALT001,20140430,131.29,131.29,131.29,131.29,0
ALT001,20140502,131.10,131.10,131.10,131.10,0
ALT001,20140505,130.42,130.42,130.42,130.42,0
ALT001,20140506,130.13,130.13,130.13,130.13,0
ALT001,20140507,129.75,129.75,129.75,129.75,0
ALT001,20140508,129.62,129.62,129.62,129.62,0
ALT001,20140509,129.63,129.63,129.63,129.63,0
ALT001,20140512,129.73,129.73,129.73,129.73,0
ALT001,20140513,129.93,129.93,129.93,129.93,0
ALT001,20140514,129.63,129.63,129.63,129.63,0
ALT001,20140515,129.51,129.51,129.51,129.51,0
ALT001,20140516,130.18,130.18,130.18,130.18,0
ALT001,20140519,130.60,130.60,130.60,130.60,0
ALT001,20140520,130.44,130.44,130.44,130.44,0
ALT001,20140521,130.53,130.53,130.53,130.53,0
ALT001,20140522,130.96,130.96,130.96,130.96,0
ALT001,20140523,130.82,130.82,130.82,130.82,0
ALT001,20140526,131.18,131.18,131.18,131.18,0
ALT001,20140527,131.51,131.51,131.51,131.51,0
ALT001,20140528,131.78,131.78,131.78,131.78,0
ALT001,20140529,132.40,132.40,132.40,132.40,0
ALT001,20140530,132.73,132.73,132.73,132.73,0
ALT001,20140602,132.66,132.66,132.66,132.66,0
ALT001,20140603,132.19,132.19,132.19,132.19,0
ALT001,20140604,131.82,131.82,131.82,131.82,0
ALT001,20140605,131.98,131.98,131.98,131.98,0
ALT001,20140606,132.13,132.13,132.13,132.13,0
ALT001,20140609,132.07,132.07,132.07,132.07,0
ALT001,20140610,132.16,132.16,132.16,132.16,0
ALT001,20140611,132.05,132.05,132.05,132.05,0
ALT001,20140612,131.93,131.93,131.93,131.93,0
ALT001,20140613,131.78,131.78,131.78,131.78,0
ALT001,20140616,131.58,131.58,131.58,131.58,0
ALT001,20140617,131.41,131.41,131.41,131.41,0
ALT001,20140618,131.88,131.88,131.88,131.88,0
ALT001,20140620,132.13,132.13,132.13,132.13,0
ALT001,20140623,131.85,131.85,131.85,131.85,0
ALT001,20140624,131.87,131.87,131.87,131.87,0
ALT001,20140625,131.59,131.59,131.59,131.59,0
ALT001,20140626,131.67,131.67,131.67,131.67,0
ALT001,20140627,131.64,131.64,131.64,131.64,0
ALT001,20140630,131.79,131.79,131.79,131.79,0
ALT001,20140701,131.64,131.64,131.64,131.64,0
ALT001,20140702,131.42,131.42,131.42,131.42,0
ALT001,20140703,131.35,131.35,131.35,131.35,0
ALT001,20140704,131.14,131.14,131.14,131.14,0
ALT001,20140707,131.36,131.36,131.36,131.36,0
ALT001,20140708,131.07,131.07,131.07,131.07,0
ALT001,20140709,130.88,130.88,130.88,130.88,0
ALT001,20140710,130.66,130.66,130.66,130.66,0
ALT001,20140711,130.59,130.59,130.59,130.59,0
ALT001,20140714,130.63,130.63,130.63,130.63,0
ALT001,20140715,130.73,130.73,130.73,130.73,0
ALT001,20140716,130.81,130.81,130.81,130.81,0
ALT001,20140717,130.85,130.85,130.85,130.85,0
ALT001,20140718,130.84,130.84,130.84,130.84,0
ALT001,20140721,131.03,131.03,131.03,131.03,0
ALT001,20140722,130.89,130.89,130.89,130.89,0
ALT001,20140723,130.91,130.91,130.91,130.91,0
ALT001,20140724,130.89,130.89,130.89,130.89,0
ALT001,20140725,130.82,130.82,130.82,130.82,0
ALT001,20140728,130.77,130.77,130.77,130.77,0
ALT001,20140729,130.79,130.79,130.79,130.79,0
ALT001,20140730,130.93,130.93,130.93,130.93,0
ALT001,20140731,131.06,131.06,131.06,131.06,0
ALT001,20140801,130.80,130.80,130.80,130.80,0
ALT001,20140804,130.92,130.92,130.92,130.92,0
ALT001,20140805,130.48,130.48,130.48,130.48,0
ALT001,20140806,130.44,130.44,130.44,130.44,0
ALT001,20140807,130.41,130.41,130.41,130.41,0
ALT001,20140808,130.38,130.38,130.38,130.38,0
ALT001,20140811,130.25,130.25,130.25,130.25,0
ALT001,20140812,130.75,130.75,130.75,130.75,0
ALT001,20140813,130.47,130.47,130.47,130.47,0
ALT001,20140814,131.09,131.09,131.09,131.09,0
ALT001,20140818,131.55,131.55,131.55,131.55,0
ALT001,20140820,132.01,132.01,132.01,132.01,0
ALT001,20140821,132.06,132.06,132.06,132.06,0
ALT001,20140822,132.19,132.19,132.19,132.19,0
ALT001,20140825,132.15,132.15,132.15,132.15,0
ALT001,20140826,131.95,131.95,131.95,131.95,0
ALT001,20140827,131.80,131.80,131.80,131.80,0
ALT001,20140828,131.81,131.81,131.81,131.81,0
ALT001,20140829,131.76,131.76,131.76,131.76,0
ALT001,20140901,132.02,132.02,132.02,132.02,0
ALT001,20140902,131.87,131.87,131.87,131.87,0
ALT001,20140903,132.02,132.02,132.02,132.02,0
ALT001,20140904,131.91,131.91,131.91,131.91,0
ALT001,20140905,132.41,132.41,132.41,132.41,0
ALT001,20140908,133.29,133.29,133.29,133.29,0
ALT001,20140909,133.10,133.10,133.10,133.10,0
ALT001,20140910,132.76,132.76,132.76,132.76,0
ALT001,20140918,131.92,131.92,131.92,131.92,0
ALT001,20140919,132.37,132.37,132.37,132.37,0
ALT001,20140922,132.64,132.64,132.64,132.64,0
ALT001,20140923,131.95,131.95,131.95,131.95,0
ALT001,20140924,132.17,132.17,132.17,132.17,0
ALT001,20140925,132.93,132.93,132.93,132.93,0
ALT001,20140929,133.26,133.26,133.26,133.26,0
ALT001,20140930,133.00,133.00,133.00,133.00,0
ALT001,20141001,132.86,132.86,132.86,132.86,0
ALT001,20141002,132.50,132.50,132.50,132.50,0
ALT001,20141006,133.19,133.19,133.19,133.19,0
ALT001,20141007,133.00,133.00,133.00,133.00,0
ALT001,20141008,132.71,132.71,132.71,132.71,0
ALT001,20141009,133.27,133.27,133.27,133.27,0
ALT001,20141010,133.55,133.55,133.55,133.55,0
ALT001,20141013,132.84,132.84,132.84,132.84,0
ALT001,20141014,132.39,132.39,132.39,132.39,0
ALT001,20141015,131.56,131.56,131.56,131.56,0
ALT001,20141016,131.71,131.71,131.71,131.71,0
ALT001,20141017,131.83,131.83,131.83,131.83,0
ALT001,20141020,132.05,132.05,132.05,132.05,0
ALT001,20141021,132.52,132.52,132.52,132.52,0
ALT001,20141022,132.55,132.55,132.55,132.55,0
ALT001,20141023,132.74,132.74,132.74,132.74,0
ALT001,20141024,132.78,132.78,132.78,132.78,0
ALT001,20141027,132.84,132.84,132.84,132.84,0
ALT001,20141028,132.77,132.77,132.77,132.77,0
ALT001,20141029,132.63,132.63,132.63,132.63,0
ALT001,20141030,132.42,132.42,132.42,132.42,0
ALT001,20141031,133.09,133.09,133.09,133.09,0
ALT001,20141103,132.97,132.97,132.97,132.97,0
ALT001,20141104,132.65,132.65,132.65,132.65,0
ALT001,20141105,133.06,133.06,133.06,133.06,0
ALT001,20141106,133.26,133.26,133.26,133.26,0
ALT001,20141107,133.30,133.30,133.30,133.30,0
ALT001,20141110,133.21,133.21,133.21,133.21,0
ALT001,20141112,133.57,133.57,133.57,133.57,0
ALT001,20141113,133.79,133.79,133.79,133.79,0
ALT001,20141114,133.49,133.49,133.49,133.49,0
ALT001,20141117,132.93,132.93,132.93,132.93,0
ALT001,20141118,132.72,132.72,132.72,132.72,0
ALT001,20141119,133.10,133.10,133.10,133.10,0
ALT001,20141120,132.82,132.82,132.82,132.82,0
ALT001,20141121,133.16,133.16,133.16,133.16,0
ALT001,20141124,132.53,132.53,132.53,132.53,0
ALT001,20141125,132.54,132.54,132.54,132.54,0
ALT001,20141126,132.34,132.34,132.34,132.34,0
ALT001,20141127,132.27,132.27,132.27,132.27,0
ALT001,20141128,132.77,132.77,132.77,132.77,0
ALT001,20141201,132.80,132.80,132.80,132.80,0
ALT001,20141202,132.66,132.66,132.66,132.66,0
ALT001,20141203,133.02,133.02,133.02,133.02,0
ALT001,20141204,132.37,132.37,132.37,132.37,0
ALT001,20141205,132.33,132.33,132.33,132.33,0
ALT001,20141208,132.47,132.47,132.47,132.47,0
ALT001,20141209,132.30,132.30,132.30,132.30,0
ALT001,20141210,131.95,131.95,131.95,131.95,0
ALT001,20141211,131.87,131.87,131.87,131.87,0
ALT001,20141212,131.79,131.79,131.79,131.79,0
ALT001,20141215,132.01,132.01,132.01,132.01,0
ALT001,20141216,130.87,130.87,130.87,130.87,0
ALT001,20141217,130.60,130.60,130.60,130.60,0
ALT001,20141218,131.34,131.34,131.34,131.34,0
ALT001,20141219,131.26,131.26,131.26,131.26,0
ALT001,20141222,131.29,131.29,131.29,131.29,0
ALT001,20141223,131.34,131.34,131.34,131.34,0
ALT001,20141229,131.31,131.31,131.31,131.31,0
ALT001,20141230,131.57,131.57,131.57,131.57,0
ALT001,20150102,132.00,132.00,132.00,132.00,0
ALT001,20150105,132.25,132.25,132.25,132.25,0
ALT001,20150107,132.12,132.12,132.12,132.12,0
ALT001,20150108,132.14,132.14,132.14,132.14,0
ALT001,20150109,132.25,132.25,132.25,132.25,0
ALT001,20150112,132.06,132.06,132.06,132.06,0
ALT001,20150113,132.04,132.04,132.04,132.04,0
ALT001,20150114,131.94,131.94,131.94,131.94,0
ALT001,20150115,131.64,131.64,131.64,131.64,0
ALT001,20150116,131.33,131.33,131.33,131.33,0
ALT001,20150119,130.92,130.92,130.92,130.92,0
ALT001,20150120,130.31,130.31,130.31,130.31,0
ALT001,20150121,130.17,130.17,130.17,130.17,0
ALT001,20150122,130.87,130.87,130.87,130.87,0
ALT001,20150123,131.88,131.88,131.88,131.88,0
ALT001,20150126,131.41,131.41,131.41,131.41,0
ALT001,20150127,131.83,131.83,131.83,131.83,0
ALT001,20150128,132.24,132.24,132.24,132.24,0
ALT001,20150129,132.53,132.53,132.53,132.53,0
ALT001,20150130,132.71,132.71,132.71,132.71,0
ALT001,20150202,132.69,132.69,132.69,132.69,0
ALT001,20150203,132.67,132.67,132.67,132.67,0
ALT001,20150204,132.77,132.77,132.77,132.77,0
ALT001,20150205,132.94,132.94,132.94,132.94,0
ALT001,20150206,132.70,132.70,132.70,132.70,0
ALT001,20150209,132.59,132.59,132.59,132.59,0
ALT001,20150210,132.57,132.57,132.57,132.57,0
ALT001,20150211,132.31,132.31,132.31,132.31,0
ALT001,20150212,132.87,132.87,132.87,132.87,0
ALT001,20150213,133.17,133.17,133.17,133.17,0
ALT001,20150216,133.21,133.21,133.21,133.21,0
ALT001,20150217,133.04,133.04,133.04,133.04,0
ALT001,20150218,132.69,132.69,132.69,132.69,0
ALT001,20150219,132.73,132.73,132.73,132.73,0
ALT001,20150220,132.51,132.51,132.51,132.51,0
ALT001,20150223,132.81,132.81,132.81,132.81,0
ALT001,20150224,133.13,133.13,133.13,133.13,0
ALT001,20150225,133.92,133.92,133.92,133.92,0
ALT001,20150226,134.18,134.18,134.18,134.18,0
ALT001,20150227,133.87,133.87,133.87,133.87,0
ALT001,20150302,133.79,133.79,133.79,133.79,0
ALT001,20150303,133.99,133.99,133.99,133.99,0
ALT001,20150304,133.64,133.64,133.64,133.64,0
ALT001,20150305,133.30,133.30,133.30,133.30,0
ALT001,20150306,132.75,132.75,132.75,132.75,0
ALT001,20150309,132.78,132.78,132.78,132.78,0
ALT001,20150310,132.90,132.90,132.90,132.90,0
ALT001,20150311,133.38,133.38,133.38,133.38,0
ALT001,20150312,133.88,133.88,133.88,133.88,0
ALT001,20150313,133.68,133.68,133.68,133.68,0
ALT001,20150316,133.81,133.81,133.81,133.81,0
ALT001,20150317,133.72,133.72,133.72,133.72,0
ALT001,20150318,133.78,133.78,133.78,133.78,0
ALT001,20150319,134.07,134.07,134.07,134.07,0
ALT001,20150320,134.14,134.14,134.14,134.14,0
ALT001,20150323,134.18,134.18,134.18,134.18,0
ALT001,20150324,134.31,134.31,134.31,134.31,0
ALT001,20150325,134.25,134.25,134.25,134.25,0
ALT001,20150326,134.26,134.26,134.26,134.26,0
ALT001,20150327,134.48,134.48,134.48,134.48,0
ALT001,20150330,134.91,134.91,134.91,134.91,0
ALT001,20150331,135.18,135.18,135.18,135.18,0
ALT001,20150401,135.20,135.20,135.20,135.20,0
ALT001,20150402,134.96,134.96,134.96,134.96,0
ALT001,20150407,134.81,134.81,134.81,134.81,0
ALT001,20150408,134.57,134.57,134.57,134.57,0
ALT001,20150409,135.02,135.02,135.02,135.02,0
ALT001,20150410,134.68,134.68,134.68,134.68,0
ALT001,20150413,134.78,134.78,134.78,134.78,0
ALT001,20150414,134.62,134.62,134.62,134.62,0
ALT001,20150415,134.88,134.88,134.88,134.88,0
ALT001,20150416,134.84,134.84,134.84,134.84,0
ALT001,20150417,134.56,134.56,134.56,134.56,0
ALT001,20150420,134.45,134.45,134.45,134.45,0
ALT001,20150421,134.63,134.63,134.63,134.63,0
ALT001,20150422,134.32,134.32,134.32,134.32,0
ALT001,20150423,134.26,134.26,134.26,134.26,0
ALT001,20150424,134.60,134.60,134.60,134.60,0
ALT001,20150427,135.06,135.06,135.06,135.06,0
ALT001,20150428,135.12,135.12,135.12,135.12,0
ALT001,20150429,135.26,135.26,135.26,135.26,0
ALT001,20150430,135.40,135.40,135.40,135.40,0
ALT001,20150504,135.70,135.70,135.70,135.70,0
ALT001,20150505,135.40,135.40,135.40,135.40,0
ALT001,20150506,135.49,135.49,135.49,135.49,0
ALT001,20150507,135.33,135.33,135.33,135.33,0
ALT001,20150508,135.76,135.76,135.76,135.76,0
ALT001,20150511,136.09,136.09,136.09,136.09,0
ALT001,20150512,135.71,135.71,135.71,135.71,0
ALT001,20150513,135.90,135.90,135.90,135.90,0
ALT001,20150514,136.30,136.30,136.30,136.30,0
ALT001,20150515,136.30,136.30,136.30,136.30,0
ALT001,20150518,136.49,136.49,136.49,136.49,0
ALT001,20150519,136.46,136.46,136.46,136.46,0
ALT001,20150520,136.35,136.35,136.35,136.35,0
ALT001,20150521,136.34,136.34,136.34,136.34,0
ALT001,20150522,136.14,136.14,136.14,136.14,0
ALT001,20150525,135.19,135.19,135.19,135.19,0
ALT001,20150526,135.13,135.13,135.13,135.13,0
ALT001,20150527,135.47,135.47,135.47,135.47,0
ALT001,20150528,135.79,135.79,135.79,135.79,0
ALT001,20150529,135.52,135.52,135.52,135.52,0
ALT001,20150601,135.44,135.44,135.44,135.44,0
ALT001,20150602,135.23,135.23,135.23,135.23,0
ALT001,20150603,135.25,135.25,135.25,135.25,0
ALT001,20150605,134.45,134.45,134.45,134.45,0
ALT001,20150608,134.21,134.21,134.21,134.21,0
ALT001,20150609,133.93,133.93,133.93,133.93,0
ALT001,20150610,134.09,134.09,134.09,134.09,0
ALT001,20150611,133.97,133.97,133.97,133.97,0
ALT001,20150612,133.64,133.64,133.64,133.64,0
ALT001,20150615,133.36,133.36,133.36,133.36,0
ALT001,20150616,132.70,132.70,132.70,132.70,0
ALT001,20150617,131.59,131.59,131.59,131.59,0
ALT001,20150618,131.82,131.82,131.82,131.82,0
ALT001,20150619,131.59,131.59,131.59,131.59,0
ALT001,20150622,132.68,132.68,132.68,132.68,0
ALT001,20150623,132.88,132.88,132.88,132.88,0
ALT001,20150624,132.95,132.95,132.95,132.95,0
ALT001,20150625,132.55,132.55,132.55,132.55,0
ALT001,20150626,132.51,132.51,132.51,132.51,0
ALT001,20150629,131.87,131.87,131.87,131.87,0
ALT001,20150630,132.37,132.37,132.37,132.37,0
ALT001,20150701,132.40,132.40,132.40,132.40,0
ALT001,20150702,132.22,132.22,132.22,132.22,0
ALT001,20150703,131.89,131.89,131.89,131.89,0
ALT001,20150706,131.70,131.70,131.70,131.70,0
ALT001,20150707,130.53,130.53,130.53,130.53,0
ALT001,20150708,129.88,129.88,129.88,129.88,0
ALT001,20150709,129.68,129.68,129.68,129.68,0
ALT001,20150710,130.79,130.79,130.79,130.79,0
ALT001,20150713,131.38,131.38,131.38,131.38,0
ALT001,20150714,131.16,131.16,131.16,131.16,0
ALT001,20150715,131.15,131.15,131.15,131.15,0
ALT001,20150716,131.97,131.97,131.97,131.97,0
ALT001,20150717,131.90,131.90,131.90,131.90,0
ALT001,20150720,131.59,131.59,131.59,131.59,0
ALT001,20150721,131.02,131.02,131.02,131.02,0
ALT001,20150722,130.15,130.15,130.15,130.15,0
ALT001,20150723,130.44,130.44,130.44,130.44,0
ALT001,20150724,130.10,130.10,130.10,130.10,0
ALT001,20150727,129.90,129.90,129.90,129.90,0
ALT001,20150728,130.35,130.35,130.35,130.35,0
ALT001,20150729,130.86,130.86,130.86,130.86,0
ALT001,20150730,130.72,130.72,130.72,130.72,0
ALT001,20150731,131.03,131.03,131.03,131.03,0
ALT001,20150803,131.11,131.11,131.11,131.11,0
ALT001,20150804,131.16,131.16,131.16,131.16,0
ALT001,20150805,131.96,131.96,131.96,131.96,0
ALT001,20150806,131.63,131.63,131.63,131.63,0
ALT001,20150807,131.71,131.71,131.71,131.71,0
ALT001,20150810,133.81,133.81,133.81,133.81,0
ALT001,20150811,133.61,133.61,133.61,133.61,0
ALT001,20150812,132.55,132.55,132.55,132.55,0
ALT001,20150813,132.37,132.37,132.37,132.37,0
ALT001,20150814,132.68,132.68,132.68,132.68,0
ALT001,20150817,132.44,132.44,132.44,132.44,0
ALT001,20150818,131.63,131.63,131.63,131.63,0
ALT001,20150819,131.82,131.82,131.82,131.82,0
ALT001,20150820,131.29,131.29,131.29,131.29,0
ALT001,20150821,130.52,130.52,130.52,130.52,0
ALT001,20150824,128.38,128.38,128.38,128.38,0
ALT001,20150825,129.12,129.12,129.12,129.12,0
ALT001,20150826,128.81,128.81,128.81,128.81,0
ALT001,20150827,130.21,130.21,130.21,130.21,0
ALT001,20150828,130.34,130.34,130.34,130.34,0
ALT001,20150831,130.22,130.22,130.22,130.22,0
ALT001,20150901,129.76,129.76,129.76,129.76,0
ALT001,20150902,129.73,129.73,129.73,129.73,0
ALT001,20150903,129.84,129.84,129.84,129.84,0
ALT001,20150904,129.52,129.52,129.52,129.52,0
ALT001,20150907,129.24,129.24,129.24,129.24,0
ALT001,20150908,129.43,129.43,129.43,129.43,0
ALT001,20150909,129.79,129.79,129.79,129.79,0
ALT001,20150910,129.35,129.35,129.35,129.35,0
ALT001,20150911,129.13,129.13,129.13,129.13,0
ALT001,20150914,129.21,129.21,129.21,129.21,0
ALT001,20150915,129.06,129.06,129.06,129.06,0
ALT001,20150916,129.16,129.16,129.16,129.16,0
ALT001,20150917,129.18,129.18,129.18,129.18,0
ALT001,20150918,129.62,129.62,129.62,129.62,0
ALT001,20150921,129.39,129.39,129.39,129.39,0
ALT001,20150922,129.73,129.73,129.73,129.73,0
ALT001,20150923,129.66,129.66,129.66,129.66,0
ALT001,20150924,129.26,129.26,129.26,129.26,0
ALT001,20150925,129.59,129.59,129.59,129.59,0
ALT001,20150928,129.62,129.62,129.62,129.62,0
ALT001,20150929,129.89,129.89,129.89,129.89,0
ALT001,20150930,130.26,130.26,130.26,130.26,0
ALT001,20151001,130.51,130.51,130.51,130.51,0
ALT001,20151002,130.18,130.18,130.18,130.18,0
ALT001,20151005,130.25,130.25,130.25,130.25,0
ALT001,20151006,130.94,130.94,130.94,130.94,0
ALT001,20151007,131.06,131.06,131.06,131.06,0
ALT001,20151008,131.64,131.64,131.64,131.64,0
ALT001,20151009,131.68,131.68,131.68,131.68,0
ALT001,20151012,131.17,131.17,131.17,131.17,0
ALT001,20151013,130.98,130.98,130.98,130.98,0
ALT001,20151014,130.92,130.92,130.92,130.92,0
ALT001,20151015,131.03,131.03,131.03,131.03,0
ALT001,20151016,131.36,131.36,131.36,131.36,0
ALT001,20151019,131.13,131.13,131.13,131.13,0
ALT001,20151020,131.24,131.24,131.24,131.24,0
ALT001,20151021,131.65,131.65,131.65,131.65,0
ALT001,20151022,131.42,131.42,131.42,131.42,0
ALT001,20151023,131.36,131.36,131.36,131.36,0
ALT001,20151026,131.50,131.50,131.50,131.50,0
ALT001,20151027,131.74,131.74,131.74,131.74,0
ALT001,20151028,131.99,131.99,131.99,131.99,0
ALT001,20151029,132.12,132.12,132.12,132.12,0
ALT001,20151030,132.87,132.87,132.87,132.87,0
ALT001,20151102,133.07,133.07,133.07,133.07,0
ALT001,20151103,133.10,133.10,133.10,133.10,0
ALT001,20151104,132.44,132.44,132.44,132.44,0
ALT001,20151105,132.11,132.11,132.11,132.11,0
ALT001,20151106,131.66,131.66,131.66,131.66,0
ALT001,20151109,131.38,131.38,131.38,131.38,0
ALT001,20151110,131.90,131.90,131.90,131.90,0
ALT001,20151112,131.88,131.88,131.88,131.88,0
ALT001,20151113,131.82,131.82,131.82,131.82,0
ALT001,20151116,131.69,131.69,131.69,131.69,0
ALT001,20151117,132.02,132.02,132.02,132.02,0
ALT001,20151118,132.62,132.62,132.62,132.62,0
ALT001,20151119,132.82,132.82,132.82,132.82,0
ALT001,20151120,132.72,132.72,132.72,132.72,0
ALT001,20151123,132.19,132.19,132.19,132.19,0
ALT001,20151124,132.50,132.50,132.50,132.50,0
ALT001,20151125,132.81,132.81,132.81,132.81,0
ALT001,20151126,133.67,133.67,133.67,133.67,0
ALT001,20151127,133.68,133.68,133.68,133.68,0
ALT001,20151130,133.95,133.95,133.95,133.95,0
ALT001,20151201,133.88,133.88,133.88,133.88,0
ALT001,20151202,133.37,133.37,133.37,133.37,0
ALT001,20151203,133.26,133.26,133.26,133.26,0
ALT001,20151204,133.30,133.30,133.30,133.30,0
ALT001,20151207,133.29,133.29,133.29,133.29,0
ALT001,20151208,133.27,133.27,133.27,133.27,0
ALT001,20151209,131.98,131.98,131.98,131.98,0
ALT001,20151210,132.37,132.37,132.37,132.37,0
ALT001,20151211,131.71,131.71,131.71,131.71,0
ALT001,20151214,131.93,131.93,131.93,131.93,0
ALT001,20151215,132.29,132.29,132.29,132.29,0
ALT001,20151216,132.84,132.84,132.84,132.84,0
ALT001,20151217,133.57,133.57,133.57,133.57,0
ALT001,20151218,133.54,133.54,133.54,133.54,0
ALT001,20151221,133.88,133.88,133.88,133.88,0
ALT001,20151222,134.08,134.08,134.08,134.08,0
ALT001,20151223,134.87,134.87,134.87,134.87,0
ALT001,20151228,134.96,134.96,134.96,134.96,0
ALT001,20151229,135.65,135.65,135.65,135.65,0
ALT001,20151230,135.78,135.78,135.78,135.78,0
ALT001,20160104,134.99,134.99,134.99,134.99,0
ALT001,20160105,134.63,134.63,134.63,134.63,0
ALT001,20160107,134.33,134.33,134.33,134.33,0
ALT001,20160108,134.42,134.42,134.42,134.42,0
ALT001,20160111,133.64,133.64,133.64,133.64,0
ALT001,20160112,133.64,133.64,133.64,133.64,0
ALT001,20160113,133.70,133.70,133.70,133.70,0
ALT001,20160114,133.97,133.97,133.97,133.97,0
ALT001,20160115,133.80,133.80,133.80,133.80,0
ALT001,20160118,132.89,132.89,132.89,132.89,0
ALT001,20160119,132.47,132.47,132.47,132.47,0
ALT001,20160120,132.70,132.70,132.70,132.70,0
ALT001,20160121,132.63,132.63,132.63,132.63,0
ALT001,20160122,132.67,132.67,132.67,132.67,0
ALT001,20160125,133.12,133.12,133.12,133.12,0
ALT001,20160126,133.27,133.27,133.27,133.27,0
ALT001,20160127,134.41,134.41,134.41,134.41,0
ALT001,20160128,134.76,134.76,134.76,134.76,0
ALT001,20160129,134.76,134.76,134.76,134.76,0
ALT001,20160201,134.14,134.14,134.14,134.14,0
ALT001,20160202,134.17,134.17,134.17,134.17,0
ALT001,20160203,134.08,134.08,134.08,134.08,0
ALT001,20160204,134.75,134.75,134.75,134.75,0
ALT001,20160205,134.14,134.14,134.14,134.14,0
ALT001,20160208,134.10,134.10,134.10,134.10,0
ALT001,20160209,134.03,134.03,134.03,134.03,0
ALT001,20160210,133.69,133.69,133.69,133.69,0
