Name,Date,Open,High,Low,Close,Volume
EQU002,20120419,10.00,10.00,10.00,10.00,0
EQU002,20120511,10.00,10.00,10.00,10.00,0
EQU002,20120514,10.00,10.00,10.00,10.00,0
EQU002,20120515,10.00,10.00,10.00,10.00,0
EQU002,20120516,10.00,10.00,10.00,10.00,0
EQU002,20120517,10.02,10.02,10.02,10.02,0
EQU002,20120518,10.02,10.02,10.02,10.02,0
EQU002,20120521,10.02,10.02,10.02,10.02,0
EQU002,20120522,10.02,10.02,10.02,10.02,0
EQU002,20120523,10.01,10.01,10.01,10.01,0
EQU002,20120524,10.00,10.00,10.00,10.00,0
EQU002,20120525,9.98,9.98,9.98,9.98,0
EQU002,20120528,9.98,9.98,9.98,9.98,0
EQU002,20120529,9.98,9.98,9.98,9.98,0
EQU002,20120530,9.97,9.97,9.97,9.97,0
EQU002,20120531,10.00,10.00,10.00,10.00,0
EQU002,20120604,10.03,10.03,10.03,10.03,0
EQU002,20120605,10.02,10.02,10.02,10.02,0
EQU002,20120606,10.03,10.03,10.03,10.03,0
EQU002,20120608,10.03,10.03,10.03,10.03,0
EQU002,20120611,10.02,10.02,10.02,10.02,0
EQU002,20120612,10.02,10.02,10.02,10.02,0
EQU002,20120613,10.02,10.02,10.02,10.02,0
EQU002,20120614,10.01,10.01,10.01,10.01,0
EQU002,20120615,10.00,10.00,10.00,10.00,0
EQU002,20120618,10.02,10.02,10.02,10.02,0
EQU002,20120619,10.06,10.06,10.06,10.06,0
EQU002,20120620,10.03,10.03,10.03,10.03,0
EQU002,20120621,9.99,9.99,9.99,9.99,0
EQU002,20120622,10.01,10.01,10.01,10.01,0
EQU002,20120625,9.98,9.98,9.98,9.98,0
EQU002,20120626,9.99,9.99,9.99,9.99,0
EQU002,20120627,10.04,10.04,10.04,10.04,0
EQU002,20120628,9.96,9.96,9.96,9.96,0
EQU002,20120629,9.94,9.94,9.94,9.94,0
EQU002,20120702,9.92,9.92,9.92,9.92,0
EQU002,20120703,9.99,9.99,9.99,9.99,0
EQU002,20120704,9.99,9.99,9.99,9.99,0
EQU002,20120705,10.03,10.03,10.03,10.03,0
EQU002,20120706,10.02,10.02,10.02,10.02,0
EQU002,20120709,10.04,10.04,10.04,10.04,0
EQU002,20120710,10.00,10.00,10.00,10.00,0
EQU002,20120711,9.99,9.99,9.99,9.99,0
EQU002,20120712,9.97,9.97,9.97,9.97,0
EQU002,20120713,10.01,10.01,10.01,10.01,0
EQU002,20120716,10.02,10.02,10.02,10.02,0
EQU002,20120717,10.06,10.06,10.06,10.06,0
EQU002,20120718,10.05,10.05,10.05,10.05,0
EQU002,20120719,10.06,10.06,10.06,10.06,0
EQU002,20120720,10.05,10.05,10.05,10.05,0
EQU002,20120723,10.02,10.02,10.02,10.02,0
EQU002,20120724,10.04,10.04,10.04,10.04,0
EQU002,20120725,10.06,10.06,10.06,10.06,0
EQU002,20120726,10.07,10.07,10.07,10.07,0
EQU002,20120727,10.06,10.06,10.06,10.06,0
EQU002,20120730,10.07,10.07,10.07,10.07,0
EQU002,20120731,10.05,10.05,10.05,10.05,0
EQU002,20120801,10.04,10.04,10.04,10.04,0
EQU002,20120802,10.03,10.03,10.03,10.03,0
EQU002,20120803,10.09,10.09,10.09,10.09,0
EQU002,20120806,10.11,10.11,10.11,10.11,0
EQU002,20120807,10.10,10.10,10.10,10.10,0
EQU002,20120808,10.12,10.12,10.12,10.12,0
EQU002,20120809,10.14,10.14,10.14,10.14,0
EQU002,20120810,10.12,10.12,10.12,10.12,0
EQU002,20120813,10.12,10.12,10.12,10.12,0
EQU002,20120814,10.13,10.13,10.13,10.13,0
EQU002,20120816,10.17,10.17,10.17,10.17,0
EQU002,20120817,10.11,10.11,10.11,10.11,0
EQU002,20120820,10.12,10.12,10.12,10.12,0
EQU002,20120821,10.14,10.14,10.14,10.14,0
EQU002,20120822,10.12,10.12,10.12,10.12,0
EQU002,20120823,10.09,10.09,10.09,10.09,0
EQU002,20120824,10.11,10.11,10.11,10.11,0
EQU002,20120827,10.04,10.04,10.04,10.04,0
EQU002,20120828,10.06,10.06,10.06,10.06,0
EQU002,20120829,10.05,10.05,10.05,10.05,0
EQU002,20120830,10.01,10.01,10.01,10.01,0
EQU002,20120831,10.04,10.04,10.04,10.04,0
EQU002,20120903,10.05,10.05,10.05,10.05,0
EQU002,20120904,10.05,10.05,10.05,10.05,0
EQU002,20120905,10.04,10.04,10.04,10.04,0
EQU002,20120906,10.11,10.11,10.11,10.11,0
EQU002,20120907,10.18,10.18,10.18,10.18,0
EQU002,20120910,10.15,10.15,10.15,10.15,0
EQU002,20120911,10.18,10.18,10.18,10.18,0
EQU002,20120912,10.14,10.14,10.14,10.14,0
EQU002,20120913,10.22,10.22,10.22,10.22,0
EQU002,20120914,10.29,10.29,10.29,10.29,0
EQU002,20120917,10.29,10.29,10.29,10.29,0
EQU002,20120918,10.31,10.31,10.31,10.31,0
EQU002,20120919,10.30,10.30,10.30,10.30,0
EQU002,20120920,10.26,10.26,10.26,10.26,0
EQU002,20120921,10.24,10.24,10.24,10.24,0
EQU002,20120924,10.23,10.23,10.23,10.23,0
EQU002,20120925,10.24,10.24,10.24,10.24,0
EQU002,20120926,10.17,10.17,10.17,10.17,0
EQU002,20120927,10.22,10.22,10.22,10.22,0
EQU002,20120928,10.21,10.21,10.21,10.21,0
EQU002,20121001,10.27,10.27,10.27,10.27,0
EQU002,20121002,10.33,10.33,10.33,10.33,0
EQU002,20121003,10.33,10.33,10.33,10.33,0
EQU002,20121004,10.33,10.33,10.33,10.33,0
EQU002,20121005,10.40,10.40,10.40,10.40,0
EQU002,20121008,10.36,10.36,10.36,10.36,0
EQU002,20121009,10.29,10.29,10.29,10.29,0
EQU002,20121010,10.32,10.32,10.32,10.32,0
EQU002,20121011,10.37,10.37,10.37,10.37,0
EQU002,20121012,10.35,10.35,10.35,10.35,0
EQU002,20121015,10.39,10.39,10.39,10.39,0
EQU002,20121016,10.44,10.44,10.44,10.44,0
EQU002,20121017,10.45,10.45,10.45,10.45,0
EQU002,20121018,10.42,10.42,10.42,10.42,0
EQU002,20121019,10.35,10.35,10.35,10.35,0
EQU002,20121022,10.32,10.32,10.32,10.32,0
EQU002,20121023,10.30,10.30,10.30,10.30,0
EQU002,20121024,10.27,10.27,10.27,10.27,0
EQU002,20121025,10.30,10.30,10.30,10.30,0
EQU002,20121026,10.31,10.31,10.31,10.31,0
EQU002,20121029,10.33,10.33,10.33,10.33,0
EQU002,20121030,10.36,10.36,10.36,10.36,0
EQU002,20121031,10.37,10.37,10.37,10.37,0
EQU002,20121102,10.39,10.39,10.39,10.39,0
EQU002,20121105,10.37,10.37,10.37,10.37,0
EQU002,20121106,10.36,10.36,10.36,10.36,0
EQU002,20121107,10.34,10.34,10.34,10.34,0
EQU002,20121108,10.35,10.35,10.35,10.35,0
EQU002,20121109,10.31,10.31,10.31,10.31,0
EQU002,20121112,10.31,10.31,10.31,10.31,0
EQU002,20121113,10.33,10.33,10.33,10.33,0
EQU002,20121114,10.35,10.35,10.35,10.35,0
EQU002,20121115,10.34,10.34,10.34,10.34,0
EQU002,20121116,10.34,10.34,10.34,10.34,0
EQU002,20121119,10.43,10.43,10.43,10.43,0
EQU002,20121120,10.43,10.43,10.43,10.43,0
EQU002,20121121,10.41,10.41,10.41,10.41,0
EQU002,20121122,10.43,10.43,10.43,10.43,0
EQU002,20121123,10.43,10.43,10.43,10.43,0
EQU002,20121126,10.47,10.47,10.47,10.47,0
EQU002,20121127,10.45,10.45,10.45,10.45,0
EQU002,20121128,10.47,10.47,10.47,10.47,0
EQU002,20121129,10.52,10.52,10.52,10.52,0
EQU002,20121130,10.51,10.51,10.51,10.51,0
EQU002,20121203,10.60,10.60,10.60,10.60,0
EQU002,20121204,10.63,10.63,10.63,10.63,0
EQU002,20121205,10.67,10.67,10.67,10.67,0
EQU002,20121206,10.67,10.67,10.67,10.67,0
EQU002,20121207,10.61,10.61,10.61,10.61,0
EQU002,20121210,10.66,10.66,10.66,10.66,0
EQU002,20121211,10.84,10.84,10.84,10.84,0
EQU002,20121212,10.87,10.87,10.87,10.87,0
EQU002,20121213,10.91,10.91,10.91,10.91,0
EQU002,20121214,10.96,10.96,10.96,10.96,0
EQU002,20121217,10.98,10.98,10.98,10.98,0
EQU002,20121218,10.98,10.98,10.98,10.98,0
EQU002,20121219,11.08,11.08,11.08,11.08,0
EQU002,20121220,11.03,11.03,11.03,11.03,0
EQU002,20121221,11.01,11.01,11.01,11.01,0
EQU002,20121227,11.03,11.03,11.03,11.03,0
EQU002,20121228,11.01,11.01,11.01,11.01,0
EQU002,20130102,11.06,11.06,11.06,11.06,0
EQU002,20130103,11.08,11.08,11.08,11.08,0
EQU002,20130104,11.02,11.02,11.02,11.02,0
EQU002,20130107,10.97,10.97,10.97,10.97,0
EQU002,20130108,10.89,10.89,10.89,10.89,0
EQU002,20130109,10.89,10.89,10.89,10.89,0
EQU002,20130110,10.92,10.92,10.92,10.92,0
EQU002,20130111,10.88,10.88,10.88,10.88,0
EQU002,20130114,10.87,10.87,10.87,10.87,0
EQU002,20130115,10.80,10.80,10.80,10.80,0
EQU002,20130116,10.84,10.84,10.84,10.84,0
EQU002,20130117,10.90,10.90,10.90,10.90,0
EQU002,20130118,10.94,10.94,10.94,10.94,0
EQU002,20130121,11.01,11.01,11.01,11.01,0
EQU002,20130122,11.01,11.01,11.01,11.01,0
EQU002,20130123,10.96,10.96,10.96,10.96,0
EQU002,20130124,11.02,11.02,11.02,11.02,0
EQU002,20130125,10.95,10.95,10.95,10.95,0
EQU002,20130128,10.91,10.91,10.91,10.91,0
EQU002,20130129,10.91,10.91,10.91,10.91,0
EQU002,20130130,10.82,10.82,10.82,10.82,0
EQU002,20130131,10.82,10.82,10.82,10.82,0
EQU002,20130201,10.92,10.92,10.92,10.92,0
EQU002,20130204,10.80,10.80,10.80,10.80,0
EQU002,20130205,10.71,10.71,10.71,10.71,0
EQU002,20130206,10.66,10.66,10.66,10.66,0
EQU002,20130207,10.67,10.67,10.67,10.67,0
EQU002,20130208,10.70,10.70,10.70,10.70,0
EQU002,20130211,10.73,10.73,10.73,10.73,0
EQU002,20130212,10.75,10.75,10.75,10.75,0
EQU002,20130213,10.77,10.77,10.77,10.77,0
EQU002,20130214,10.76,10.76,10.76,10.76,0
EQU002,20130215,10.84,10.84,10.84,10.84,0
EQU002,20130218,10.85,10.85,10.85,10.85,0
EQU002,20130219,10.87,10.87,10.87,10.87,0
EQU002,20130220,10.79,10.79,10.79,10.79,0
EQU002,20130221,10.75,10.75,10.75,10.75,0
EQU002,20130222,10.81,10.81,10.81,10.81,0
EQU002,20130225,10.85,10.85,10.85,10.85,0
EQU002,20130226,10.79,10.79,10.79,10.79,0
EQU002,20130227,10.82,10.82,10.82,10.82,0
EQU002,20130228,10.89,10.89,10.89,10.89,0
EQU002,20130301,10.87,10.87,10.87,10.87,0
EQU002,20130304,10.86,10.86,10.86,10.86,0
EQU002,20130305,11.00,11.00,11.00,11.00,0
EQU002,20130306,11.03,11.03,11.03,11.03,0
EQU002,20130307,11.04,11.04,11.04,11.04,0
EQU002,20130308,11.14,11.14,11.14,11.14,0
EQU002,20130311,11.18,11.18,11.18,11.18,0
EQU002,20130312,11.17,11.17,11.17,11.17,0
EQU002,20130313,11.14,11.14,11.14,11.14,0
EQU002,20130314,11.34,11.34,11.34,11.34,0
EQU002,20130315,11.27,11.27,11.27,11.27,0
EQU002,20130318,11.23,11.23,11.23,11.23,0
EQU002,20130319,11.21,11.21,11.21,11.21,0
EQU002,20130320,11.24,11.24,11.24,11.24,0
EQU002,20130321,11.16,11.16,11.16,11.16,0
EQU002,20130322,11.14,11.14,11.14,11.14,0
EQU002,20130325,11.06,11.06,11.06,11.06,0
EQU002,20130326,11.02,11.02,11.02,11.02,0
EQU002,20130327,11.03,11.03,11.03,11.03,0
EQU002,20130328,11.10,11.10,11.10,11.10,0
EQU002,20130402,11.09,11.09,11.09,11.09,0
EQU002,20130403,10.94,10.94,10.94,10.94,0
EQU002,20130404,10.94,10.94,10.94,10.94,0
EQU002,20130405,10.92,10.92,10.92,10.92,0
EQU002,20130408,10.90,10.90,10.90,10.90,0
EQU002,20130409,10.88,10.88,10.88,10.88,0
EQU002,20130410,10.90,10.90,10.90,10.90,0
EQU002,20130411,10.95,10.95,10.95,10.95,0
EQU002,20130412,10.92,10.92,10.92,10.92,0
EQU002,20130415,10.90,10.90,10.90,10.90,0
EQU002,20130417,10.80,10.80,10.80,10.80,0
EQU002,20130418,10.79,10.79,10.79,10.79,0
EQU002,20130419,10.77,10.77,10.77,10.77,0
EQU002,20130422,10.72,10.72,10.72,10.72,0
EQU002,20130423,10.67,10.67,10.67,10.67,0
EQU002,20130424,10.68,10.68,10.68,10.68,0
EQU002,20130425,10.70,10.70,10.70,10.70,0
EQU002,20130426,10.74,10.74,10.74,10.74,0
EQU002,20130429,10.83,10.83,10.83,10.83,0
EQU002,20130430,10.89,10.89,10.89,10.89,0
EQU002,20130502,10.91,10.91,10.91,10.91,0
EQU002,20130506,10.99,10.99,10.99,10.99,0
EQU002,20130507,10.94,10.94,10.94,10.94,0
EQU002,20130508,11.02,11.02,11.02,11.02,0
EQU002,20130509,11.00,11.00,11.00,11.00,0
EQU002,20130510,10.99,10.99,10.99,10.99,0
EQU002,20130513,10.96,10.96,10.96,10.96,0
EQU002,20130514,11.13,11.13,11.13,11.13,0
EQU002,20130515,11.27,11.27,11.27,11.27,0
EQU002,20130516,11.38,11.38,11.38,11.38,0
EQU002,20130517,11.39,11.39,11.39,11.39,0
EQU002,20130520,11.44,11.44,11.44,11.44,0
EQU002,20130521,11.44,11.44,11.44,11.44,0
EQU002,20130522,11.47,11.47,11.47,11.47,0
EQU002,20130523,11.34,11.34,11.34,11.34,0
EQU002,20130524,11.36,11.36,11.36,11.36,0
EQU002,20130527,11.42,11.42,11.42,11.42,0
EQU002,20130528,11.47,11.47,11.47,11.47,0
EQU002,20130529,11.44,11.44,11.44,11.44,0
EQU002,20130531,11.45,11.45,11.45,11.45,0
EQU002,20130603,11.38,11.38,11.38,11.38,0
EQU002,20130604,11.44,11.44,11.44,11.44,0
EQU002,20130605,11.46,11.46,11.46,11.46,0
EQU002,20130606,11.44,11.44,11.44,11.44,0
EQU002,20130607,11.47,11.47,11.47,11.47,0
EQU002,20130610,11.54,11.54,11.54,11.54,0
EQU002,20130611,11.44,11.44,11.44,11.44,0
EQU002,20130612,11.52,11.52,11.52,11.52,0
EQU002,20130613,11.53,11.53,11.53,11.53,0
EQU002,20130614,11.55,11.55,11.55,11.55,0
EQU002,20130617,11.56,11.56,11.56,11.56,0
EQU002,20130618,11.61,11.61,11.61,11.61,0
EQU002,20130619,11.58,11.58,11.58,11.58,0
EQU002,20130620,11.43,11.43,11.43,11.43,0
EQU002,20130621,11.38,11.38,11.38,11.38,0
EQU002,20130624,11.40,11.40,11.40,11.40,0
EQU002,20130625,11.48,11.48,11.48,11.48,0
EQU002,20130626,11.47,11.47,11.47,11.47,0
EQU002,20130627,11.51,11.51,11.51,11.51,0
EQU002,20130628,11.59,11.59,11.59,11.59,0
EQU002,20130701,11.54,11.54,11.54,11.54,0
EQU002,20130702,11.58,11.58,11.58,11.58,0
EQU002,20130703,11.53,11.53,11.53,11.53,0
EQU002,20130704,11.61,11.61,11.61,11.61,0
EQU002,20130705,11.58,11.58,11.58,11.58,0
EQU002,20130708,11.56,11.56,11.56,11.56,0
EQU002,20130709,11.53,11.53,11.53,11.53,0
EQU002,20130710,11.61,11.61,11.61,11.61,0
EQU002,20130711,11.68,11.68,11.68,11.68,0
EQU002,20130712,11.79,11.79,11.79,11.79,0
EQU002,20130715,11.86,11.86,11.86,11.86,0
EQU002,20130716,11.94,11.94,11.94,11.94,0
EQU002,20130717,12.03,12.03,12.03,12.03,0
EQU002,20130718,11.98,11.98,11.98,11.98,0
EQU002,20130719,12.02,12.02,12.02,12.02,0
EQU002,20130722,12.03,12.03,12.03,12.03,0
EQU002,20130723,12.17,12.17,12.17,12.17,0
EQU002,20130724,12.24,12.24,12.24,12.24,0
EQU002,20130725,12.27,12.27,12.27,12.27,0
EQU002,20130726,12.11,12.11,12.11,12.11,0
EQU002,20130729,12.17,12.17,12.17,12.17,0
EQU002,20130730,12.22,12.22,12.22,12.22,0
EQU002,20130731,12.29,12.29,12.29,12.29,0
EQU002,20130801,12.41,12.41,12.41,12.41,0
EQU002,20130802,12.54,12.54,12.54,12.54,0
EQU002,20130805,12.61,12.61,12.61,12.61,0
EQU002,20130806,12.55,12.55,12.55,12.55,0
EQU002,20130807,12.63,12.63,12.63,12.63,0
EQU002,20130808,12.76,12.76,12.76,12.76,0
EQU002,20130809,12.80,12.80,12.80,12.80,0
EQU002,20130812,12.91,12.91,12.91,12.91,0
EQU002,20130813,12.91,12.91,12.91,12.91,0
EQU002,20130814,13.01,13.01,13.01,13.01,0
EQU002,20130816,12.91,12.91,12.91,12.91,0
EQU002,20130819,12.88,12.88,12.88,12.88,0
EQU002,20130820,12.82,12.82,12.82,12.82,0
EQU002,20130821,12.82,12.82,12.82,12.82,0
EQU002,20130822,12.92,12.92,12.92,12.92,0
EQU002,20130823,12.94,12.94,12.94,12.94,0
EQU002,20130826,12.91,12.91,12.91,12.91,0
EQU002,20130827,12.70,12.70,12.70,12.70,0
EQU002,20130828,12.63,12.63,12.63,12.63,0
EQU002,20130829,12.64,12.64,12.64,12.64,0
EQU002,20130830,12.59,12.59,12.59,12.59,0
EQU002,20130902,12.66,12.66,12.66,12.66,0
EQU002,20130903,12.59,12.59,12.59,12.59,0
EQU002,20130904,12.46,12.46,12.46,12.46,0
EQU002,20130905,12.35,12.35,12.35,12.35,0
EQU002,20130906,12.55,12.55,12.55,12.55,0
EQU002,20130909,12.82,12.82,12.82,12.82,0
EQU002,20130910,12.91,12.91,12.91,12.91,0
EQU002,20130911,12.93,12.93,12.93,12.93,0
EQU002,20130912,12.96,12.96,12.96,12.96,0
EQU002,20130913,12.95,12.95,12.95,12.95,0
EQU002,20130916,12.97,12.97,12.97,12.97,0
EQU002,20130917,12.95,12.95,12.95,12.95,0
EQU002,20130918,12.96,12.96,12.96,12.96,0
EQU002,20130919,13.01,13.01,13.01,13.01,0
EQU002,20130920,13.10,13.10,13.10,13.10,0
EQU002,20130923,13.28,13.28,13.28,13.28,0
EQU002,20130924,13.51,13.51,13.51,13.51,0
EQU002,20130925,13.52,13.52,13.52,13.52,0
EQU002,20130926,13.45,13.45,13.45,13.45,0
EQU002,20130927,13.49,13.49,13.49,13.49,0
EQU002,20130930,13.49,13.49,13.49,13.49,0
EQU002,20131001,13.54,13.54,13.54,13.54,0
EQU002,20131002,13.59,13.59,13.59,13.59,0
EQU002,20131003,13.59,13.59,13.59,13.59,0
EQU002,20131004,13.59,13.59,13.59,13.59,0
EQU002,20131007,13.57,13.57,13.57,13.57,0
EQU002,20131008,13.46,13.46,13.46,13.46,0
EQU002,20131009,13.42,13.42,13.42,13.42,0
EQU002,20131010,13.60,13.60,13.60,13.60,0
EQU002,20131011,13.68,13.68,13.68,13.68,0
EQU002,20131014,13.68,13.68,13.68,13.68,0
EQU002,20131015,13.76,13.76,13.76,13.76,0
EQU002,20131016,13.81,13.81,13.81,13.81,0
EQU002,20131017,13.90,13.90,13.90,13.90,0
EQU002,20131018,13.88,13.88,13.88,13.88,0
EQU002,20131021,14.14,14.14,14.14,14.14,0
EQU002,20131022,14.09,14.09,14.09,14.09,0
EQU002,20131023,14.07,14.07,14.07,14.07,0
EQU002,20131024,14.27,14.27,14.27,14.27,0
EQU002,20131025,14.31,14.31,14.31,14.31,0
EQU002,20131028,14.35,14.35,14.35,14.35,0
EQU002,20131029,14.40,14.40,14.40,14.40,0
EQU002,20131030,14.36,14.36,14.36,14.36,0
EQU002,20131031,14.36,14.36,14.36,14.36,0
EQU002,20131104,14.41,14.41,14.41,14.41,0
EQU002,20131105,14.32,14.32,14.32,14.32,0
EQU002,20131106,14.35,14.35,14.35,14.35,0
EQU002,20131107,14.31,14.31,14.31,14.31,0
EQU002,20131108,14.23,14.23,14.23,14.23,0
EQU002,20131112,14.34,14.34,14.34,14.34,0
EQU002,20131113,14.23,14.23,14.23,14.23,0
EQU002,20131114,14.31,14.31,14.31,14.31,0
EQU002,20131115,14.37,14.37,14.37,14.37,0
EQU002,20131118,14.40,14.40,14.40,14.40,0
EQU002,20131119,14.31,14.31,14.31,14.31,0
EQU002,20131120,14.34,14.34,14.34,14.34,0
EQU002,20131121,14.36,14.36,14.36,14.36,0
EQU002,20131122,14.40,14.40,14.40,14.40,0
EQU002,20131125,14.43,14.43,14.43,14.43,0
EQU002,20131126,14.30,14.30,14.30,14.30,0
EQU002,20131127,14.27,14.27,14.27,14.27,0
EQU002,20131128,14.32,14.32,14.32,14.32,0
EQU002,20131129,14.45,14.45,14.45,14.45,0
EQU002,20131202,14.39,14.39,14.39,14.39,0
EQU002,20131203,14.22,14.22,14.22,14.22,0
EQU002,20131204,14.15,14.15,14.15,14.15,0
EQU002,20131205,14.10,14.10,14.10,14.10,0
EQU002,20131206,14.03,14.03,14.03,14.03,0
EQU002,20131209,14.15,14.15,14.15,14.15,0
EQU002,20131210,14.07,14.07,14.07,14.07,0
EQU002,20131211,14.01,14.01,14.01,14.01,0
EQU002,20131212,13.87,13.87,13.87,13.87,0
EQU002,20131213,13.75,13.75,13.75,13.75,0
EQU002,20131216,13.71,13.71,13.71,13.71,0
EQU002,20131217,13.52,13.52,13.52,13.52,0
EQU002,20131218,13.50,13.50,13.50,13.50,0
EQU002,20131219,13.49,13.49,13.49,13.49,0
EQU002,20131220,13.46,13.46,13.46,13.46,0
EQU002,20131223,13.68,13.68,13.68,13.68,0
EQU002,20131227,13.62,13.62,13.62,13.62,0
EQU002,20131230,13.77,13.77,13.77,13.77,0
EQU002,20131231,13.77,13.77,13.77,13.77,0
EQU002,20140102,13.90,13.90,13.90,13.90,0
EQU002,20140103,13.80,13.80,13.80,13.80,0
EQU002,20140107,13.65,13.65,13.65,13.65,0
EQU002,20140108,13.56,13.56,13.56,13.56,0
EQU002,20140109,13.55,13.55,13.55,13.55,0
EQU002,20140110,13.45,13.45,13.45,13.45,0
EQU002,20140113,13.59,13.59,13.59,13.59,0
EQU002,20140114,13.63,13.63,13.63,13.63,0
EQU002,20140115,13.72,13.72,13.72,13.72,0
EQU002,20140116,13.79,13.79,13.79,13.79,0
EQU002,20140117,13.80,13.80,13.80,13.80,0
EQU002,20140120,13.79,13.79,13.79,13.79,0
EQU002,20140121,13.88,13.88,13.88,13.88,0
EQU002,20140122,14.04,14.04,14.04,14.04,0
EQU002,20140123,14.04,14.04,14.04,14.04,0
EQU002,20140124,13.96,13.96,13.96,13.96,0
EQU002,20140127,13.82,13.82,13.82,13.82,0
EQU002,20140128,13.98,13.98,13.98,13.98,0
EQU002,20140129,13.98,13.98,13.98,13.98,0
EQU002,20140130,14.02,14.02,14.02,14.02,0
EQU002,20140131,14.06,14.06,14.06,14.06,0
EQU002,20140203,14.18,14.18,14.18,14.18,0
EQU002,20140204,14.13,14.13,14.13,14.13,0
EQU002,20140205,14.19,14.19,14.19,14.19,0
EQU002,20140206,14.28,14.28,14.28,14.28,0
EQU002,20140207,14.31,14.31,14.31,14.31,0
EQU002,20140210,14.32,14.32,14.32,14.32,0
EQU002,20140211,14.31,14.31,14.31,14.31,0
EQU002,20140212,14.34,14.34,14.34,14.34,0
EQU002,20140213,14.34,14.34,14.34,14.34,0
EQU002,20140214,14.22,14.22,14.22,14.22,0
EQU002,20140217,14.09,14.09,14.09,14.09,0
EQU002,20140218,14.09,14.09,14.09,14.09,0
EQU002,20140219,14.08,14.08,14.08,14.08,0
EQU002,20140220,13.89,13.89,13.89,13.89,0
EQU002,20140221,14.02,14.02,14.02,14.02,0
EQU002,20140224,14.10,14.10,14.10,14.10,0
EQU002,20140225,13.96,13.96,13.96,13.96,0
EQU002,20140226,13.71,13.71,13.71,13.71,0
EQU002,20140227,13.78,13.78,13.78,13.78,0
EQU002,20140228,13.84,13.84,13.84,13.84,0
EQU002,20140303,13.21,13.21,13.21,13.21,0
EQU002,20140304,13.36,13.36,13.36,13.36,0
EQU002,20140305,13.36,13.36,13.36,13.36,0
EQU002,20140306,13.38,13.38,13.38,13.38,0
EQU002,20140307,13.34,13.34,13.34,13.34,0
EQU002,20140310,13.19,13.19,13.19,13.19,0
EQU002,20140311,13.21,13.21,13.21,13.21,0
EQU002,20140312,13.07,13.07,13.07,13.07,0
EQU002,20140313,13.01,13.01,13.01,13.01,0
EQU002,20140314,12.80,12.80,12.80,12.80,0
EQU002,20140317,12.91,12.91,12.91,12.91,0
EQU002,20140318,12.98,12.98,12.98,12.98,0
EQU002,20140319,12.96,12.96,12.96,12.96,0
EQU002,20140320,12.98,12.98,12.98,12.98,0
EQU002,20140321,12.98,12.98,12.98,12.98,0
EQU002,20140324,12.94,12.94,12.94,12.94,0
EQU002,20140325,12.99,12.99,12.99,12.99,0
EQU002,20140326,12.99,12.99,12.99,12.99,0
EQU002,20140327,12.95,12.95,12.95,12.95,0
EQU002,20140328,12.95,12.95,12.95,12.95,0
EQU002,20140331,13.15,13.15,13.15,13.15,0
EQU002,20140401,13.19,13.19,13.19,13.19,0
EQU002,20140402,13.22,13.22,13.22,13.22,0
EQU002,20140403,13.21,13.21,13.21,13.21,0
EQU002,20140404,13.23,13.23,13.23,13.23,0
EQU002,20140407,13.11,13.11,13.11,13.11,0
EQU002,20140408,13.05,13.05,13.05,13.05,0
EQU002,20140409,13.07,13.07,13.07,13.07,0
EQU002,20140410,13.05,13.05,13.05,13.05,0
EQU002,20140411,13.00,13.00,13.00,13.00,0
EQU002,20140414,12.86,12.86,12.86,12.86,0
EQU002,20140415,12.87,12.87,12.87,12.87,0
EQU002,20140416,12.76,12.76,12.76,12.76,0
EQU002,20140417,12.77,12.77,12.77,12.77,0
EQU002,20140422,12.86,12.86,12.86,12.86,0
EQU002,20140423,12.79,12.79,12.79,12.79,0
EQU002,20140424,12.65,12.65,12.65,12.65,0
EQU002,20140425,12.63,12.63,12.63,12.63,0
EQU002,20140428,12.64,12.64,12.64,12.64,0
EQU002,20140429,12.68,12.68,12.68,12.68,0
EQU002,20140430,12.78,12.78,12.78,12.78,0
EQU002,20140502,12.79,12.79,12.79,12.79,0
EQU002,20140505,12.61,12.61,12.61,12.61,0
EQU002,20140506,12.50,12.50,12.50,12.50,0
EQU002,20140507,12.37,12.37,12.37,12.37,0
EQU002,20140508,12.41,12.41,12.41,12.41,0
EQU002,20140509,12.40,12.40,12.40,12.40,0
EQU002,20140512,12.38,12.38,12.38,12.38,0
EQU002,20140513,12.38,12.38,12.38,12.38,0
EQU002,20140514,12.34,12.34,12.34,12.34,0
EQU002,20140515,12.13,12.13,12.13,12.13,0
EQU002,20140516,12.12,12.12,12.12,12.12,0
EQU002,20140519,12.07,12.07,12.07,12.07,0
EQU002,20140520,12.00,12.00,12.00,12.00,0
EQU002,20140521,12.02,12.02,12.02,12.02,0
EQU002,20140522,12.08,12.08,12.08,12.08,0
EQU002,20140523,12.10,12.10,12.10,12.10,0
EQU002,20140526,12.14,12.14,12.14,12.14,0
EQU002,20140527,12.11,12.11,12.11,12.11,0
EQU002,20140528,12.01,12.01,12.01,12.01,0
EQU002,20140529,12.08,12.08,12.08,12.08,0
EQU002,20140530,11.94,11.94,11.94,11.94,0
EQU002,20140602,11.94,11.94,11.94,11.94,0
EQU002,20140603,11.96,11.96,11.96,11.96,0
EQU002,20140604,11.95,11.95,11.95,11.95,0
EQU002,20140605,12.03,12.03,12.03,12.03,0
EQU002,20140606,12.07,12.07,12.07,12.07,0
EQU002,20140609,12.05,12.05,12.05,12.05,0
EQU002,20140610,12.08,12.08,12.08,12.08,0
EQU002,20140611,12.00,12.00,12.00,12.00,0
EQU002,20140612,11.88,11.88,11.88,11.88,0
EQU002,20140613,11.83,11.83,11.83,11.83,0
EQU002,20140616,11.80,11.80,11.80,11.80,0
EQU002,20140617,11.83,11.83,11.83,11.83,0
EQU002,20140618,11.85,11.85,11.85,11.85,0
EQU002,20140620,11.88,11.88,11.88,11.88,0
EQU002,20140623,11.85,11.85,11.85,11.85,0
EQU002,20140624,11.80,11.80,11.80,11.80,0
EQU002,20140625,11.69,11.69,11.69,11.69,0
EQU002,20140626,11.66,11.66,11.66,11.66,0
EQU002,20140627,11.66,11.66,11.66,11.66,0
EQU002,20140630,11.69,11.69,11.69,11.69,0
EQU002,20140701,11.54,11.54,11.54,11.54,0
EQU002,20140702,11.53,11.53,11.53,11.53,0
EQU002,20140703,11.47,11.47,11.47,11.47,0
EQU002,20140704,11.51,11.51,11.51,11.51,0
EQU002,20140707,11.45,11.45,11.45,11.45,0
EQU002,20140708,11.41,11.41,11.41,11.41,0
EQU002,20140709,11.37,11.37,11.37,11.37,0
EQU002,20140710,11.30,11.30,11.30,11.30,0
EQU002,20140711,11.40,11.40,11.40,11.40,0
EQU002,20140714,11.41,11.41,11.41,11.41,0
EQU002,20140715,11.36,11.36,11.36,11.36,0
EQU002,20140716,11.35,11.35,11.35,11.35,0
EQU002,20140717,11.32,11.32,11.32,11.32,0
EQU002,20140718,11.25,11.25,11.25,11.25,0
EQU002,20140721,11.24,11.24,11.24,11.24,0
EQU002,20140722,11.27,11.27,11.27,11.27,0
EQU002,20140723,11.19,11.19,11.19,11.19,0
EQU002,20140724,11.11,11.11,11.11,11.11,0
EQU002,20140725,11.09,11.09,11.09,11.09,0
EQU002,20140728,11.08,11.08,11.08,11.08,0
EQU002,20140729,11.01,11.01,11.01,11.01,0
EQU002,20140730,10.88,10.88,10.88,10.88,0
EQU002,20140731,10.86,10.86,10.86,10.86,0
EQU002,20140801,10.84,10.84,10.84,10.84,0
EQU002,20140804,10.84,10.84,10.84,10.84,0
EQU002,20140805,10.82,10.82,10.82,10.82,0
EQU002,20140806,10.80,10.80,10.80,10.80,0
EQU002,20140807,10.73,10.73,10.73,10.73,0
EQU002,20140808,10.66,10.66,10.66,10.66,0
EQU002,20140811,10.74,10.74,10.74,10.74,0
EQU002,20140812,10.72,10.72,10.72,10.72,0
EQU002,20140813,10.76,10.76,10.76,10.76,0
EQU002,20140814,10.80,10.80,10.80,10.80,0
EQU002,20140818,10.87,10.87,10.87,10.87,0
EQU002,20140820,10.92,10.92,10.92,10.92,0
EQU002,20140821,10.84,10.84,10.84,10.84,0
EQU002,20140822,10.83,10.83,10.83,10.83,0
EQU002,20140825,10.81,10.81,10.81,10.81,0
EQU002,20140826,10.86,10.86,10.86,10.86,0
EQU002,20140827,10.84,10.84,10.84,10.84,0
EQU002,20140828,10.63,10.63,10.63,10.63,0
EQU002,20140829,10.66,10.66,10.66,10.66,0
EQU002,20140901,10.73,10.73,10.73,10.73,0
EQU002,20140902,10.75,10.75,10.75,10.75,0
EQU002,20140903,10.93,10.93,10.93,10.93,0
EQU002,20140904,11.00,11.00,11.00,11.00,0
EQU002,20140905,11.04,11.04,11.04,11.04,0
EQU002,20140908,11.07,11.07,11.07,11.07,0
EQU002,20140909,11.06,11.06,11.06,11.06,0
EQU002,20140910,11.12,11.12,11.12,11.12,0
EQU002,20140918,11.22,11.22,11.22,11.22,0
EQU002,20140919,11.36,11.36,11.36,11.36,0
EQU002,20140922,11.29,11.29,11.29,11.29,0
EQU002,20140923,11.15,11.15,11.15,11.15,0
EQU002,20140924,11.11,11.11,11.11,11.11,0
EQU002,20140925,11.13,11.13,11.13,11.13,0
EQU002,20140929,11.15,11.15,11.15,11.15,0
EQU002,20140930,11.17,11.17,11.17,11.17,0
EQU002,20141001,11.06,11.06,11.06,11.06,0
EQU002,20141002,10.99,10.99,10.99,10.99,0
EQU002,20141006,11.05,11.05,11.05,11.05,0
EQU002,20141007,11.03,11.03,11.03,11.03,0
EQU002,20141008,10.97,10.97,10.97,10.97,0
EQU002,20141009,10.99,10.99,10.99,10.99,0
EQU002,20141010,10.89,10.89,10.89,10.89,0
EQU002,20141013,10.85,10.85,10.85,10.85,0
EQU002,20141014,10.83,10.83,10.83,10.83,0
EQU002,20141015,10.78,10.78,10.78,10.78,0
EQU002,20141016,10.79,10.79,10.79,10.79,0
EQU002,20141017,10.81,10.81,10.81,10.81,0
EQU002,20141020,10.82,10.82,10.82,10.82,0
EQU002,20141021,10.89,10.89,10.89,10.89,0
EQU002,20141022,10.90,10.90,10.90,10.90,0
EQU002,20141023,10.90,10.90,10.90,10.90,0
EQU002,20141024,10.91,10.91,10.91,10.91,0
EQU002,20141027,10.90,10.90,10.90,10.90,0
EQU002,20141028,10.93,10.93,10.93,10.93,0
EQU002,20141029,10.91,10.91,10.91,10.91,0
EQU002,20141030,10.88,10.88,10.88,10.88,0
EQU002,20141031,10.91,10.91,10.91,10.91,0
EQU002,20141103,10.90,10.90,10.90,10.90,0
EQU002,20141104,10.93,10.93,10.93,10.93,0
EQU002,20141105,10.89,10.89,10.89,10.89,0
EQU002,20141106,10.88,10.88,10.88,10.88,0
EQU002,20141107,10.87,10.87,10.87,10.87,0
EQU002,20141110,10.87,10.87,10.87,10.87,0
EQU002,20141112,10.86,10.86,10.86,10.86,0
EQU002,20141113,10.83,10.83,10.83,10.83,0
EQU002,20141114,10.85,10.85,10.85,10.85,0
EQU002,20141117,10.77,10.77,10.77,10.77,0
EQU002,20141118,10.78,10.78,10.78,10.78,0
EQU002,20141119,10.81,10.81,10.81,10.81,0
EQU002,20141120,10.81,10.81,10.81,10.81,0
EQU002,20141121,10.86,10.86,10.86,10.86,0
EQU002,20141124,10.81,10.81,10.81,10.81,0
EQU002,20141125,10.79,10.79,10.79,10.79,0
EQU002,20141126,10.86,10.86,10.86,10.86,0
EQU002,20141127,10.88,10.88,10.88,10.88,0
EQU002,20141128,10.84,10.84,10.84,10.84,0
EQU002,20141201,10.81,10.81,10.81,10.81,0
EQU002,20141202,10.89,10.89,10.89,10.89,0
EQU002,20141203,10.93,10.93,10.93,10.93,0
EQU002,20141204,10.87,10.87,10.87,10.87,0
EQU002,20141205,10.94,10.94,10.94,10.94,0
EQU002,20141208,10.90,10.90,10.90,10.90,0
EQU002,20141209,10.84,10.84,10.84,10.84,0
EQU002,20141210,10.78,10.78,10.78,10.78,0
EQU002,20141211,10.77,10.77,10.77,10.77,0
EQU002,20141212,10.77,10.77,10.77,10.77,0
EQU002,20141215,10.73,10.73,10.73,10.73,0
EQU002,20141216,10.66,10.66,10.66,10.66,0
EQU002,20141217,10.67,10.67,10.67,10.67,0
EQU002,20141218,10.71,10.71,10.71,10.71,0
EQU002,20141219,10.69,10.69,10.69,10.69,0
EQU002,20141222,10.67,10.67,10.67,10.67,0
EQU002,20141223,10.69,10.69,10.69,10.69,0
EQU002,20141229,10.69,10.69,10.69,10.69,0
EQU002,20141230,10.74,10.74,10.74,10.74,0
EQU002,20150102,10.74,10.74,10.74,10.74,0
EQU002,20150105,10.67,10.67,10.67,10.67,0
EQU002,20150107,10.70,10.70,10.70,10.70,0
EQU002,20150108,10.83,10.83,10.83,10.83,0
EQU002,20150109,10.78,10.78,10.78,10.78,0
EQU002,20150112,10.79,10.79,10.79,10.79,0
EQU002,20150113,10.90,10.90,10.90,10.90,0
EQU002,20150114,10.81,10.81,10.81,10.81,0
EQU002,20150115,10.63,10.63,10.63,10.63,0
EQU002,20150116,10.59,10.59,10.59,10.59,0
EQU002,20150119,10.58,10.58,10.58,10.58,0
EQU002,20150120,10.61,10.61,10.61,10.61,0
EQU002,20150121,10.73,10.73,10.73,10.73,0
EQU002,20150122,10.79,10.79,10.79,10.79,0
EQU002,20150123,10.85,10.85,10.85,10.85,0
EQU002,20150126,10.81,10.81,10.81,10.81,0
EQU002,20150127,10.81,10.81,10.81,10.81,0
EQU002,20150128,10.90,10.90,10.90,10.90,0
EQU002,20150129,10.98,10.98,10.98,10.98,0
EQU002,20150130,11.01,11.01,11.01,11.01,0
EQU002,20150202,10.97,10.97,10.97,10.97,0
EQU002,20150203,10.95,10.95,10.95,10.95,0
EQU002,20150204,10.96,10.96,10.96,10.96,0
EQU002,20150205,11.03,11.03,11.03,11.03,0
EQU002,20150206,11.04,11.04,11.04,11.04,0
EQU002,20150209,10.91,10.91,10.91,10.91,0
EQU002,20150210,10.85,10.85,10.85,10.85,0
EQU002,20150211,10.82,10.82,10.82,10.82,0
EQU002,20150212,10.92,10.92,10.92,10.92,0
EQU002,20150213,10.95,10.95,10.95,10.95,0
EQU002,20150216,10.97,10.97,10.97,10.97,0
EQU002,20150217,10.97,10.97,10.97,10.97,0
EQU002,20150218,10.99,10.99,10.99,10.99,0
EQU002,20150219,11.03,11.03,11.03,11.03,0
EQU002,20150220,11.04,11.04,11.04,11.04,0
EQU002,20150223,11.12,11.12,11.12,11.12,0
EQU002,20150224,11.14,11.14,11.14,11.14,0
EQU002,20150225,11.15,11.15,11.15,11.15,0
EQU002,20150226,11.21,11.21,11.21,11.21,0
EQU002,20150227,11.29,11.29,11.29,11.29,0
EQU002,20150302,11.39,11.39,11.39,11.39,0
EQU002,20150303,11.31,11.31,11.31,11.31,0
EQU002,20150304,11.37,11.37,11.37,11.37,0
EQU002,20150305,11.46,11.46,11.46,11.46,0
EQU002,20150306,11.40,11.40,11.40,11.40,0
EQU002,20150309,11.40,11.40,11.40,11.40,0
EQU002,20150310,11.34,11.34,11.34,11.34,0
EQU002,20150311,11.40,11.40,11.40,11.40,0
EQU002,20150312,11.43,11.43,11.43,11.43,0
EQU002,20150313,11.40,11.40,11.40,11.40,0
EQU002,20150316,11.45,11.45,11.45,11.45,0
EQU002,20150317,11.42,11.42,11.42,11.42,0
EQU002,20150318,11.44,11.44,11.44,11.44,0
EQU002,20150319,11.49,11.49,11.49,11.49,0
EQU002,20150320,11.57,11.57,11.57,11.57,0
EQU002,20150323,11.50,11.50,11.50,11.50,0
EQU002,20150324,11.48,11.48,11.48,11.48,0
EQU002,20150325,11.41,11.41,11.41,11.41,0
EQU002,20150326,11.33,11.33,11.33,11.33,0
EQU002,20150327,11.34,11.34,11.34,11.34,0
EQU002,20150330,11.41,11.41,11.41,11.41,0
EQU002,20150331,11.36,11.36,11.36,11.36,0
EQU002,20150401,11.36,11.36,11.36,11.36,0
EQU002,20150402,11.38,11.38,11.38,11.38,0
EQU002,20150407,11.42,11.42,11.42,11.42,0
EQU002,20150408,11.46,11.46,11.46,11.46,0
EQU002,20150409,11.52,11.52,11.52,11.52,0
EQU002,20150410,11.55,11.55,11.55,11.55,0
EQU002,20150413,11.52,11.52,11.52,11.52,0
EQU002,20150414,11.53,11.53,11.53,11.53,0
EQU002,20150415,11.60,11.60,11.60,11.60,0
EQU002,20150416,11.64,11.64,11.64,11.64,0
EQU002,20150417,11.53,11.53,11.53,11.53,0
EQU002,20150420,11.61,11.61,11.61,11.61,0
EQU002,20150421,11.62,11.62,11.62,11.62,0
EQU002,20150422,11.65,11.65,11.65,11.65,0
EQU002,20150423,11.68,11.68,11.68,11.68,0
EQU002,20150424,11.69,11.69,11.69,11.69,0
EQU002,20150427,11.72,11.72,11.72,11.72,0
EQU002,20150428,11.67,11.67,11.67,11.67,0
EQU002,20150429,11.63,11.63,11.63,11.63,0
EQU002,20150430,11.64,11.64,11.64,11.64,0
EQU002,20150504,11.69,11.69,11.69,11.69,0
EQU002,20150505,11.62,11.62,11.62,11.62,0
EQU002,20150506,11.67,11.67,11.67,11.67,0
EQU002,20150507,11.67,11.67,11.67,11.67,0
EQU002,20150508,11.72,11.72,11.72,11.72,0
EQU002,20150511,11.74,11.74,11.74,11.74,0
EQU002,20150512,11.70,11.70,11.70,11.70,0
EQU002,20150513,11.66,11.66,11.66,11.66,0
EQU002,20150514,11.64,11.64,11.64,11.64,0
EQU002,20150515,11.65,11.65,11.65,11.65,0
EQU002,20150518,11.65,11.65,11.65,11.65,0
EQU002,20150519,11.64,11.64,11.64,11.64,0
EQU002,20150520,11.65,11.65,11.65,11.65,0
EQU002,20150521,11.64,11.64,11.64,11.64,0
EQU002,20150522,11.63,11.63,11.63,11.63,0
EQU002,20150525,11.53,11.53,11.53,11.53,0
EQU002,20150526,11.50,11.50,11.50,11.50,0
EQU002,20150527,11.53,11.53,11.53,11.53,0
EQU002,20150528,11.55,11.55,11.55,11.55,0
EQU002,20150529,11.56,11.56,11.56,11.56,0
EQU002,20150601,11.60,11.60,11.60,11.60,0
EQU002,20150602,11.60,11.60,11.60,11.60,0
EQU002,20150603,11.63,11.63,11.63,11.63,0
EQU002,20150605,11.58,11.58,11.58,11.58,0
EQU002,20150608,11.54,11.54,11.54,11.54,0
EQU002,20150609,11.50,11.50,11.50,11.50,0
EQU002,20150610,11.51,11.51,11.51,11.51,0
EQU002,20150611,11.46,11.46,11.46,11.46,0
EQU002,20150612,11.40,11.40,11.40,11.40,0
EQU002,20150615,11.35,11.35,11.35,11.35,0
EQU002,20150616,11.33,11.33,11.33,11.33,0
EQU002,20150617,11.29,11.29,11.29,11.29,0
EQU002,20150618,11.27,11.27,11.27,11.27,0
EQU002,20150619,11.26,11.26,11.26,11.26,0
EQU002,20150622,11.32,11.32,11.32,11.32,0
EQU002,20150623,11.30,11.30,11.30,11.30,0
EQU002,20150624,11.24,11.24,11.24,11.24,0
EQU002,20150625,11.24,11.24,11.24,11.24,0
EQU002,20150626,11.21,11.21,11.21,11.21,0
EQU002,20150629,11.01,11.01,11.01,11.01,0
EQU002,20150630,11.01,11.01,11.01,11.01,0
EQU002,20150701,11.08,11.08,11.08,11.08,0
EQU002,20150702,11.08,11.08,11.08,11.08,0
EQU002,20150703,11.07,11.07,11.07,11.07,0
EQU002,20150706,11.03,11.03,11.03,11.03,0
EQU002,20150707,10.93,10.93,10.93,10.93,0
EQU002,20150708,10.86,10.86,10.86,10.86,0
EQU002,20150709,10.91,10.91,10.91,10.91,0
EQU002,20150710,11.11,11.11,11.11,11.11,0
EQU002,20150713,11.25,11.25,11.25,11.25,0
EQU002,20150714,11.25,11.25,11.25,11.25,0
EQU002,20150715,11.30,11.30,11.30,11.30,0
EQU002,20150716,11.45,11.45,11.45,11.45,0
EQU002,20150717,11.47,11.47,11.47,11.47,0
EQU002,20150720,11.46,11.46,11.46,11.46,0
EQU002,20150721,11.41,11.41,11.41,11.41,0
EQU002,20150722,11.28,11.28,11.28,11.28,0
EQU002,20150723,11.33,11.33,11.33,11.33,0
EQU002,20150724,11.31,11.31,11.31,11.31,0
EQU002,20150727,11.22,11.22,11.22,11.22,0
EQU002,20150728,11.28,11.28,11.28,11.28,0
EQU002,20150729,11.33,11.33,11.33,11.33,0
EQU002,20150730,11.31,11.31,11.31,11.31,0
EQU002,20150731,11.36,11.36,11.36,11.36,0
EQU002,20150803,11.41,11.41,11.41,11.41,0
EQU002,20150804,11.47,11.47,11.47,11.47,0
EQU002,20150805,11.56,11.56,11.56,11.56,0
EQU002,20150806,11.47,11.47,11.47,11.47,0
EQU002,20150807,11.45,11.45,11.45,11.45,0
EQU002,20150810,11.52,11.52,11.52,11.52,0
EQU002,20150811,11.48,11.48,11.48,11.48,0
EQU002,20150812,11.35,11.35,11.35,11.35,0
EQU002,20150813,11.38,11.38,11.38,11.38,0
EQU002,20150814,11.40,11.40,11.40,11.40,0
EQU002,20150817,11.32,11.32,11.32,11.32,0
EQU002,20150818,11.30,11.30,11.30,11.30,0
EQU002,20150819,11.27,11.27,11.27,11.27,0
EQU002,20150820,11.21,11.21,11.21,11.21,0
EQU002,20150821,11.11,11.11,11.11,11.11,0
EQU002,20150824,10.90,10.90,10.90,10.90,0
EQU002,20150825,10.91,10.91,10.91,10.91,0
EQU002,20150826,10.94,10.94,10.94,10.94,0
EQU002,20150827,11.05,11.05,11.05,11.05,0
EQU002,20150828,11.06,11.06,11.06,11.06,0
EQU002,20150831,11.07,11.07,11.07,11.07,0
EQU002,20150901,11.05,11.05,11.05,11.05,0
EQU002,20150902,11.03,11.03,11.03,11.03,0
EQU002,20150903,11.07,11.07,11.07,11.07,0
EQU002,20150904,11.04,11.04,11.04,11.04,0
EQU002,20150907,11.02,11.02,11.02,11.02,0
EQU002,20150908,11.04,11.04,11.04,11.04,0
EQU002,20150909,11.07,11.07,11.07,11.07,0
EQU002,20150910,11.01,11.01,11.01,11.01,0
EQU002,20150911,10.99,10.99,10.99,10.99,0
EQU002,20150914,10.98,10.98,10.98,10.98,0
EQU002,20150915,10.96,10.96,10.96,10.96,0
EQU002,20150916,10.98,10.98,10.98,10.98,0
EQU002,20150917,10.99,10.99,10.99,10.99,0
EQU002,20150918,11.01,11.01,11.01,11.01,0
EQU002,20150921,11.02,11.02,11.02,11.02,0
EQU002,20150922,10.77,10.77,10.77,10.77,0
EQU002,20150923,10.76,10.76,10.76,10.76,0
EQU002,20150924,10.75,10.75,10.75,10.75,0
EQU002,20150925,10.76,10.76,10.76,10.76,0
EQU002,20150928,10.73,10.73,10.73,10.73,0
EQU002,20150929,10.75,10.75,10.75,10.75,0
EQU002,20150930,10.75,10.75,10.75,10.75,0
EQU002,20151001,10.77,10.77,10.77,10.77,0
EQU002,20151002,10.79,10.79,10.79,10.79,0
EQU002,20151005,10.73,10.73,10.73,10.73,0
EQU002,20151006,10.76,10.76,10.76,10.76,0
EQU002,20151007,10.76,10.76,10.76,10.76,0
EQU002,20151008,10.75,10.75,10.75,10.75,0
EQU002,20151009,10.74,10.74,10.74,10.74,0
EQU002,20151012,10.72,10.72,10.72,10.72,0
EQU002,20151013,10.71,10.71,10.71,10.71,0
EQU002,20151014,10.70,10.70,10.70,10.70,0
EQU002,20151015,10.72,10.72,10.72,10.72,0
EQU002,20151016,10.74,10.74,10.74,10.74,0
EQU002,20151019,10.73,10.73,10.73,10.73,0
EQU002,20151020,10.72,10.72,10.72,10.72,0
EQU002,20151021,10.73,10.73,10.73,10.73,0
EQU002,20151022,10.66,10.66,10.66,10.66,0
EQU002,20151023,10.69,10.69,10.69,10.69,0
EQU002,20151026,10.71,10.71,10.71,10.71,0
EQU002,20151027,10.72,10.72,10.72,10.72,0
EQU002,20151028,10.73,10.73,10.73,10.73,0
EQU002,20151029,10.71,10.71,10.71,10.71,0
EQU002,20151030,10.72,10.72,10.72,10.72,0
EQU002,20151102,10.71,10.71,10.71,10.71,0
EQU002,20151103,10.72,10.72,10.72,10.72,0
EQU002,20151104,10.74,10.74,10.74,10.74,0
EQU002,20151105,10.73,10.73,10.73,10.73,0
EQU002,20151106,10.72,10.72,10.72,10.72,0
EQU002,20151109,10.73,10.73,10.73,10.73,0
EQU002,20151110,10.72,10.72,10.72,10.72,0
EQU002,20151112,10.72,10.72,10.72,10.72,0
EQU002,20151113,10.65,10.65,10.65,10.65,0
EQU002,20151116,10.63,10.63,10.63,10.63,0
EQU002,20151117,10.65,10.65,10.65,10.65,0
EQU002,20151118,10.66,10.66,10.66,10.66,0
EQU002,20151119,10.67,10.67,10.67,10.67,0
EQU002,20151120,10.68,10.68,10.68,10.68,0
EQU002,20151123,10.64,10.64,10.64,10.64,0
EQU002,20151124,10.63,10.63,10.63,10.63,0
EQU002,20151125,10.65,10.65,10.65,10.65,0
EQU002,20151126,10.70,10.70,10.70,10.70,0
EQU002,20151127,10.62,10.62,10.62,10.62,0
EQU002,20151130,10.61,10.61,10.61,10.61,0
EQU002,20151201,10.61,10.61,10.61,10.61,0
EQU002,20151202,10.58,10.58,10.58,10.58,0
EQU002,20151203,10.55,10.55,10.55,10.55,0
EQU002,20151204,10.51,10.51,10.51,10.51,0
EQU002,20151207,10.51,10.51,10.51,10.51,0
EQU002,20151208,10.47,10.47,10.47,10.47,0
EQU002,20151209,10.41,10.41,10.41,10.41,0
EQU002,20151210,10.41,10.41,10.41,10.41,0
EQU002,20151211,10.36,10.36,10.36,10.36,0
EQU002,20151214,10.26,10.26,10.26,10.26,0
EQU002,20151215,10.30,10.30,10.30,10.30,0
EQU002,20151216,10.30,10.30,10.30,10.30,0
EQU002,20151217,10.35,10.35,10.35,10.35,0
EQU002,20151218,10.35,10.35,10.35,10.35,0
EQU002,20151221,10.34,10.34,10.34,10.34,0
EQU002,20151222,10.37,10.37,10.37,10.37,0
EQU002,20151223,10.38,10.38,10.38,10.38,0
EQU002,20151228,10.38,10.38,10.38,10.38,0
EQU002,20151229,10.44,10.44,10.44,10.44,0
EQU002,20151230,10.41,10.41,10.41,10.41,0
EQU002,20160104,10.34,10.34,10.34,10.34,0
EQU002,20160105,10.35,10.35,10.35,10.35,0
EQU002,20160107,10.31,10.31,10.31,10.31,0
EQU002,20160108,10.33,10.33,10.33,10.33,0
EQU002,20160111,10.29,10.29,10.29,10.29,0
EQU002,20160112,10.27,10.27,10.27,10.27,0
EQU002,20160113,10.28,10.28,10.28,10.28,0
EQU002,20160114,10.26,10.26,10.26,10.26,0
EQU002,20160115,10.23,10.23,10.23,10.23,0
EQU002,20160118,10.22,10.22,10.22,10.22,0
EQU002,20160119,10.22,10.22,10.22,10.22,0
EQU002,20160120,10.20,10.20,10.20,10.20,0
EQU002,20160121,10.21,10.21,10.21,10.21,0
EQU002,20160122,10.23,10.23,10.23,10.23,0
EQU002,20160125,10.18,10.18,10.18,10.18,0
EQU002,20160126,10.21,10.21,10.21,10.21,0
EQU002,20160127,10.14,10.14,10.14,10.14,0
EQU002,20160128,10.17,10.17,10.17,10.17,0
EQU002,20160129,10.30,10.30,10.30,10.30,0
EQU002,20160201,10.29,10.29,10.29,10.29,0
EQU002,20160202,10.19,10.19,10.19,10.19,0
EQU002,20160203,10.13,10.13,10.13,10.13,0
EQU002,20160204,10.13,10.13,10.13,10.13,0
EQU002,20160205,10.12,10.12,10.12,10.12,0
EQU002,20160208,10.12,10.12,10.12,10.12,0
EQU002,20160209,10.12,10.12,10.12,10.12,0
EQU002,20160210,10.09,10.09,10.09,10.09,0
