Name,Date,Open,High,Low,Close,Volume
ING033,20100218,107.10,107.10,107.10,107.10,0
ING033,20100219,105.31,105.31,105.31,105.31,0
ING033,20100222,107.80,107.80,107.80,107.80,0
ING033,20100223,107.62,107.62,107.62,107.62,0
ING033,20100224,106.17,106.17,106.17,106.17,0
ING033,20100225,105.73,105.73,105.73,105.73,0
ING033,20100226,106.02,106.02,106.02,106.02,0
ING033,20100301,106.61,106.61,106.61,106.61,0
ING033,20100302,107.00,107.00,107.00,107.00,0
ING033,20100303,107.24,107.24,107.24,107.24,0
ING033,20100304,106.44,106.44,106.44,106.44,0
ING033,20100305,107.85,107.85,107.85,107.85,0
ING033,20100308,109.72,109.72,109.72,109.72,0
ING033,20100309,109.41,109.41,109.41,109.41,0
ING033,20100310,109.15,109.15,109.15,109.15,0
ING033,20100311,110.03,110.03,110.03,110.03,0
ING033,20100312,110.68,110.68,110.68,110.68,0
ING033,20100315,110.87,110.87,110.87,110.87,0
ING033,20100316,110.85,110.85,110.85,110.85,0
ING033,20100317,111.82,111.82,111.82,111.82,0
ING033,20100318,111.22,111.22,111.22,111.22,0
ING033,20100319,112.01,112.01,112.01,112.01,0
ING033,20100322,111.83,111.83,111.83,111.83,0
ING033,20100323,111.74,111.74,111.74,111.74,0
ING033,20100324,112.36,112.36,112.36,112.36,0
ING033,20100325,112.09,112.09,112.09,112.09,0
ING033,20100326,113.72,113.72,113.72,113.72,0
ING033,20100329,114.41,114.41,114.41,114.41,0
ING033,20100330,115.66,115.66,115.66,115.66,0
ING033,20100331,115.41,115.41,115.41,115.41,0
ING033,20100401,115.41,115.41,115.41,115.41,0
ING033,20100406,116.69,116.69,116.69,116.69,0
ING033,20100407,117.19,117.19,117.19,117.19,0
ING033,20100408,116.23,116.23,116.23,116.23,0
ING033,20100409,116.51,116.51,116.51,116.51,0
ING033,20100412,117.17,117.17,117.17,117.17,0
ING033,20100413,116.47,116.47,116.47,116.47,0
ING033,20100414,116.69,116.69,116.69,116.69,0
ING033,20100415,117.47,117.47,117.47,117.47,0
ING033,20100416,116.40,116.40,116.40,116.40,0
ING033,20100419,114.74,114.74,114.74,114.74,0
ING033,20100420,114.87,114.87,114.87,114.87,0
ING033,20100421,116.46,116.46,116.46,116.46,0
ING033,20100422,115.36,115.36,115.36,115.36,0
ING033,20100423,115.27,115.27,115.27,115.27,0
ING033,20100426,117.25,117.25,117.25,117.25,0
ING033,20100427,117.36,117.36,117.36,117.36,0
ING033,20100428,115.20,115.20,115.20,115.20,0
ING033,20100429,115.19,115.19,115.19,115.19,0
ING033,20100430,116.17,116.17,116.17,116.17,0
ING033,20100504,116.15,116.15,116.15,116.15,0
ING033,20100505,116.14,116.14,116.14,116.14,0
ING033,20100506,112.64,112.64,112.64,112.64,0
ING033,20100507,112.64,112.64,112.64,112.64,0
ING033,20100510,111.23,111.23,111.23,111.23,0
ING033,20100511,109.14,109.14,109.14,109.14,0
ING033,20100512,109.14,109.14,109.14,109.14,0
ING033,20100513,109.81,109.81,109.81,109.81,0
ING033,20100514,110.13,110.13,110.13,110.13,0
ING033,20100517,108.56,108.56,108.56,108.56,0
ING033,20100518,108.02,108.02,108.02,108.02,0
ING033,20100519,107.57,107.57,107.57,107.57,0
ING033,20100520,106.08,106.08,106.08,106.08,0
ING033,20100521,106.08,106.08,106.08,106.08,0
ING033,20100524,103.93,103.93,103.93,103.93,0
ING033,20100525,101.25,101.25,101.25,101.25,0
ING033,20100526,101.68,101.68,101.68,101.68,0
ING033,20100527,103.16,103.16,103.16,103.16,0
ING033,20100528,104.04,104.04,104.04,104.04,0
ING033,20100531,103.91,103.91,103.91,103.91,0
ING033,20100601,104.04,104.04,104.04,104.04,0
ING033,20100602,102.99,102.99,102.99,102.99,0
ING033,20100604,105.12,105.12,105.12,105.12,0
ING033,20100607,101.63,101.63,101.63,101.63,0
ING033,20100608,101.65,101.65,101.65,101.65,0
ING033,20100609,100.75,100.75,100.75,100.75,0
ING033,20100610,101.53,101.53,101.53,101.53,0
ING033,20100611,102.70,102.70,102.70,102.70,0
ING033,20100614,103.96,103.96,103.96,103.96,0
ING033,20100615,103.92,103.92,103.92,103.92,0
ING033,20100616,105.10,105.10,105.10,105.10,0
ING033,20100617,104.66,104.66,104.66,104.66,0
ING033,20100618,104.23,104.23,104.23,104.23,0
ING033,20100621,106.27,106.27,106.27,106.27,0
ING033,20100622,106.26,106.26,106.26,106.26,0
ING033,20100623,105.38,105.38,105.38,105.38,0
ING033,20100624,103.81,103.81,103.81,103.81,0
ING033,20100625,102.33,102.33,102.33,102.33,0
ING033,20100628,101.66,101.66,101.66,101.66,0
ING033,20100629,100.68,100.68,100.68,100.68,0
ING033,20100630,100.68,100.68,100.68,100.68,0
ING033,20100701,97.99,97.99,97.99,97.99,0
ING033,20100702,98.37,98.37,98.37,98.37,0
ING033,20100705,99.09,99.09,99.09,99.09,0
ING033,20100706,100.46,100.46,100.46,100.46,0
ING033,20100707,99.84,99.84,99.84,99.84,0
ING033,20100708,102.09,102.09,102.09,102.09,0
ING033,20100709,102.13,102.13,102.13,102.13,0
ING033,20100712,101.61,101.61,101.61,101.61,0
ING033,20100713,101.26,101.26,101.26,101.26,0
ING033,20100714,102.59,102.59,102.59,102.59,0
ING033,20100715,101.54,101.54,101.54,101.54,0
ING033,20100716,99.66,99.66,99.66,99.66,0
ING033,20100719,99.65,99.65,99.65,99.65,0
ING033,20100720,98.57,98.57,98.57,98.57,0
ING033,20100721,98.29,98.29,98.29,98.29,0
ING033,20100722,97.98,97.98,97.98,97.98,0
ING033,20100723,99.76,99.76,99.76,99.76,0
ING033,20100726,100.33,100.33,100.33,100.33,0
ING033,20100727,100.33,100.33,100.33,100.33,0
ING033,20100728,102.77,102.77,102.77,102.77,0
ING033,20100729,102.41,102.41,102.41,102.41,0
ING033,20100730,101.50,101.50,101.50,101.50,0
ING033,20100802,101.66,101.66,101.66,101.66,0
ING033,20100803,102.59,102.59,102.59,102.59,0
ING033,20100804,101.06,101.06,101.06,101.06,0
ING033,20100805,102.37,102.37,102.37,102.37,0
ING033,20100806,102.77,102.77,102.77,102.77,0
ING033,20100809,102.30,102.30,102.30,102.30,0
ING033,20100810,102.01,102.01,102.01,102.01,0
ING033,20100811,99.81,99.81,99.81,99.81,0
ING033,20100812,99.00,99.00,99.00,99.00,0
ING033,20100813,99.24,99.24,99.24,99.24,0
ING033,20100816,99.04,99.04,99.04,99.04,0
ING033,20100817,98.79,98.79,98.79,98.79,0
ING033,20100818,99.82,99.82,99.82,99.82,0
ING033,20100819,100.93,100.93,100.93,100.93,0
ING033,20100820,99.17,99.17,99.17,99.17,0
ING033,20100823,98.60,98.60,98.60,98.60,0
ING033,20100824,97.67,97.67,97.67,97.67,0
ING033,20100825,96.53,96.53,96.53,96.53,0
ING033,20100826,97.15,97.15,97.15,97.15,0
ING033,20100827,97.86,97.86,97.86,97.86,0
ING033,20100830,98.95,98.95,98.95,98.95,0
ING033,20100831,96.31,96.31,96.31,96.31,0
ING033,20100901,96.98,96.98,96.98,96.98,0
ING033,20100902,98.00,98.00,98.00,98.00,0
ING033,20100903,98.31,98.31,98.31,98.31,0
ING033,20100906,99.97,99.97,99.97,99.97,0
ING033,20100907,99.61,99.61,99.61,99.61,0
ING033,20100908,98.01,98.01,98.01,98.01,0
ING033,20100909,98.71,98.71,98.71,98.71,0
ING033,20100910,99.65,99.65,99.65,99.65,0
ING033,20100913,100.13,100.13,100.13,100.13,0
ING033,20100914,99.72,99.72,99.72,99.72,0
ING033,20100915,101.20,101.20,101.20,101.20,0
ING033,20100916,100.57,100.57,100.57,100.57,0
ING033,20100917,101.43,101.43,101.43,101.43,0
ING033,20100920,101.42,101.42,101.42,101.42,0
ING033,20100921,101.20,101.20,101.20,101.20,0
ING033,20100922,100.78,100.78,100.78,100.78,0
ING033,20100923,100.77,100.77,100.77,100.77,0
ING033,20100924,100.04,100.04,100.04,100.04,0
ING033,20100927,101.20,101.20,101.20,101.20,0
ING033,20100928,101.14,101.14,101.14,101.14,0
ING033,20100929,101.44,101.44,101.44,101.44,0
ING033,20100930,99.43,99.43,99.43,99.43,0
ING033,20101001,99.63,99.63,99.63,99.63,0
ING033,20101004,98.91,98.91,98.91,98.91,0
ING033,20101005,100.00,100.00,100.00,100.00,0
ING033,20101006,102.57,102.57,102.57,102.57,0
ING033,20101007,102.58,102.58,102.58,102.58,0
ING033,20101008,101.84,101.84,101.84,101.84,0
ING033,20101011,101.83,101.83,101.83,101.83,0
ING033,20101012,100.23,100.23,100.23,100.23,0
ING033,20101013,99.97,99.97,99.97,99.97,0
ING033,20101014,101.81,101.81,101.81,101.81,0
ING033,20101015,100.69,100.69,100.69,100.69,0
ING033,20101018,101.03,101.03,101.03,101.03,0
ING033,20101019,101.38,101.38,101.38,101.38,0
ING033,20101020,100.35,100.35,100.35,100.35,0
ING033,20101021,99.98,99.98,99.98,99.98,0
ING033,20101022,100.49,100.49,100.49,100.49,0
ING033,20101025,100.13,100.13,100.13,100.13,0
ING033,20101026,99.74,99.74,99.74,99.74,0
ING033,20101027,99.77,99.77,99.77,99.77,0
ING033,20101028,99.50,99.50,99.50,99.50,0
ING033,20101029,99.21,99.21,99.21,99.21,0
ING033,20101102,98.87,98.87,98.87,98.87,0
ING033,20101103,98.87,98.87,98.87,98.87,0
ING033,20101104,101.24,101.24,101.24,101.24,0
ING033,20101105,102.81,102.81,102.81,102.81,0
ING033,20101108,102.99,102.99,102.99,102.99,0
ING033,20101109,103.27,103.27,103.27,103.27,0
ING033,20101110,104.73,104.73,104.73,104.73,0
ING033,20101112,103.69,103.69,103.69,103.69,0
ING033,20101115,104.52,104.52,104.52,104.52,0
ING033,20101116,103.06,103.06,103.06,103.06,0
ING033,20101117,104.09,104.09,104.09,104.09,0
ING033,20101118,106.78,106.78,106.78,106.78,0
ING033,20101119,106.58,106.58,106.58,106.58,0
ING033,20101122,106.35,106.35,106.35,106.35,0
ING033,20101123,106.34,106.34,106.34,106.34,0
ING033,20101124,106.64,106.64,106.64,106.64,0
ING033,20101125,106.22,106.22,106.22,106.22,0
ING033,20101126,105.74,105.74,105.74,105.74,0
ING033,20101129,106.63,106.63,106.63,106.63,0
ING033,20101130,105.17,105.17,105.17,105.17,0
ING033,20101201,107.62,107.62,107.62,107.62,0
ING033,20101202,108.02,108.02,108.02,108.02,0
ING033,20101203,107.30,107.30,107.30,107.30,0
ING033,20101206,107.69,107.69,107.69,107.69,0
ING033,20101207,107.78,107.78,107.78,107.78,0
ING033,20101208,108.63,108.63,108.63,108.63,0
ING033,20101209,108.42,108.42,108.42,108.42,0
ING033,20101210,108.23,108.23,108.23,108.23,0
ING033,20101213,108.98,108.98,108.98,108.98,0
ING033,20101214,109.64,109.64,109.64,109.64,0
ING033,20101215,109.45,109.45,109.45,109.45,0
ING033,20101216,109.76,109.76,109.76,109.76,0
ING033,20101217,109.56,109.56,109.56,109.56,0
ING033,20101220,109.14,109.14,109.14,109.14,0
ING033,20101221,110.05,110.05,110.05,110.05,0
ING033,20101222,109.88,109.88,109.88,109.88,0
ING033,20101223,109.88,109.88,109.88,109.88,0
ING033,20101227,109.81,109.81,109.81,109.81,0
ING033,20101228,109.75,109.75,109.75,109.75,0
ING033,20101229,109.90,109.90,109.90,109.90,0
ING033,20101230,108.99,108.99,108.99,108.99,0
ING033,20101231,108.99,108.99,108.99,108.99,0
ING033,20110103,108.97,108.97,108.97,108.97,0
ING033,20110104,110.81,110.81,110.81,110.81,0
ING033,20110105,111.78,111.78,111.78,111.78,0
ING033,20110107,111.77,111.77,111.77,111.77,0
ING033,20110110,111.75,111.75,111.75,111.75,0
ING033,20110111,112.63,112.63,112.63,112.63,0
ING033,20110112,113.19,113.19,113.19,113.19,0
ING033,20110113,113.21,113.21,113.21,113.21,0
ING033,20110114,113.27,113.27,113.27,113.27,0
ING033,20110117,112.37,112.37,112.37,112.37,0
ING033,20110118,113.15,113.15,113.15,113.15,0
ING033,20110119,112.46,112.46,112.46,112.46,0
ING033,20110120,112.69,112.69,112.69,112.69,0
ING033,20110121,110.75,110.75,110.75,110.75,0
ING033,20110124,111.38,111.38,111.38,111.38,0
ING033,20110125,112.14,112.14,112.14,112.14,0
ING033,20110126,112.02,112.02,112.02,112.02,0
ING033,20110127,113.01,113.01,113.01,113.01,0
ING033,20110128,110.25,110.25,110.25,110.25,0
ING033,20110131,110.42,110.42,110.42,110.42,0
ING033,20110201,111.43,111.43,111.43,111.43,0
ING033,20110202,112.78,112.78,112.78,112.78,0
ING033,20110203,113.18,113.18,113.18,113.18,0
ING033,20110204,114.06,114.06,114.06,114.06,0
ING033,20110207,114.30,114.30,114.30,114.30,0
ING033,20110208,115.01,115.01,115.01,115.01,0
ING033,20110209,114.45,114.45,114.45,114.45,0
ING033,20110210,115.20,115.20,115.20,115.20,0
ING033,20110211,115.19,115.19,115.19,115.19,0
ING033,20110214,116.60,116.60,116.60,116.60,0
ING033,20110215,116.77,116.77,116.77,116.77,0
ING033,20110216,117.57,117.57,117.57,117.57,0
ING033,20110217,118.05,118.05,118.05,118.05,0
ING033,20110218,117.76,117.76,117.76,117.76,0
ING033,20110221,118.08,118.08,118.08,118.08,0
ING033,20110222,114.95,114.95,114.95,114.95,0
ING033,20110223,114.61,114.61,114.61,114.61,0
ING033,20110224,113.37,113.37,113.37,113.37,0
ING033,20110225,114.83,114.83,114.83,114.83,0
ING033,20110228,116.12,116.12,116.12,116.12,0
ING033,20110301,116.02,116.02,116.02,116.02,0
ING033,20110302,115.22,115.22,115.22,115.22,0
ING033,20110303,116.93,116.93,116.93,116.93,0
ING033,20110304,116.03,116.03,116.03,116.03,0
ING033,20110307,114.39,114.39,114.39,114.39,0
ING033,20110308,115.30,115.30,115.30,115.30,0
ING033,20110309,115.48,115.48,115.48,115.48,0
ING033,20110310,113.30,113.30,113.30,113.30,0
ING033,20110311,111.06,111.06,111.06,111.06,0
ING033,20110314,101.85,101.85,101.85,101.85,0
ING033,20110315,99.48,99.48,99.48,99.48,0
ING033,20110316,91.33,91.33,91.33,91.33,0
ING033,20110317,97.00,97.00,97.00,97.00,0
ING033,20110318,99.78,99.78,99.78,99.78,0
ING033,20110321,99.77,99.77,99.77,99.77,0
ING033,20110322,101.40,101.40,101.40,101.40,0
ING033,20110323,101.14,101.14,101.14,101.14,0
ING033,20110324,101.33,101.33,101.33,101.33,0
ING033,20110325,100.09,100.09,100.09,100.09,0
ING033,20110328,100.17,100.17,100.17,100.17,0
ING033,20110329,100.50,100.50,100.50,100.50,0
ING033,20110330,102.38,102.38,102.38,102.38,0
ING033,20110331,101.94,101.94,101.94,101.94,0
ING033,20110401,102.35,102.35,102.35,102.35,0
ING033,20110404,101.28,101.28,101.28,101.28,0
ING033,20110405,100.60,100.60,100.60,100.60,0
ING033,20110406,100.16,100.16,100.16,100.16,0
ING033,20110407,98.98,98.98,98.98,98.98,0
ING033,20110408,100.50,100.50,100.50,100.50,0
ING033,20110411,99.92,99.92,99.92,99.92,0
ING033,20110412,98.92,98.92,98.92,98.92,0
ING033,20110413,99.57,99.57,99.57,99.57,0
ING033,20110414,99.72,99.72,99.72,99.72,0
ING033,20110415,99.29,99.29,99.29,99.29,0
ING033,20110418,98.19,98.19,98.19,98.19,0
ING033,20110419,98.27,98.27,98.27,98.27,0
ING033,20110420,99.64,99.64,99.64,99.64,0
ING033,20110421,99.44,99.44,99.44,99.44,0
ING033,20110426,99.41,99.41,99.41,99.41,0
ING033,20110427,100.20,100.20,100.20,100.20,0
ING033,20110428,102.14,102.14,102.14,102.14,0
ING033,20110429,102.13,102.13,102.13,102.13,0
ING033,20110502,102.56,102.56,102.56,102.56,0
ING033,20110504,102.55,102.55,102.55,102.55,0
ING033,20110505,102.54,102.54,102.54,102.54,0
ING033,20110506,101.58,101.58,101.58,101.58,0
ING033,20110509,101.50,101.50,101.50,101.50,0
ING033,20110510,102.60,102.60,102.60,102.60,0
ING033,20110511,101.55,101.55,101.55,101.55,0
ING033,20110512,101.26,101.26,101.26,101.26,0
ING033,20110513,100.13,100.13,100.13,100.13,0
ING033,20110516,99.14,99.14,99.14,99.14,0
ING033,20110517,99.61,99.61,99.61,99.61,0
ING033,20110518,100.83,100.83,100.83,100.83,0
ING033,20110519,99.58,99.58,99.58,99.58,0
ING033,20110520,99.01,99.01,99.01,99.01,0
ING033,20110523,97.69,97.69,97.69,97.69,0
ING033,20110524,98.56,98.56,98.56,98.56,0
ING033,20110525,98.86,98.86,98.86,98.86,0
ING033,20110526,99.08,99.08,99.08,99.08,0
ING033,20110527,98.71,98.71,98.71,98.71,0
ING033,20110530,98.97,98.97,98.97,98.97,0
ING033,20110531,101.23,101.23,101.23,101.23,0
ING033,20110601,99.45,99.45,99.45,99.45,0
ING033,20110602,99.45,99.45,99.45,99.45,0
ING033,20110603,98.15,98.15,98.15,98.15,0
ING033,20110606,97.13,97.13,97.13,97.13,0
ING033,20110607,97.67,97.67,97.67,97.67,0
ING033,20110608,97.38,97.38,97.38,97.38,0
ING033,20110609,98.32,98.32,98.32,98.32,0
ING033,20110610,97.26,97.26,97.26,97.26,0
ING033,20110613,97.25,97.25,97.25,97.25,0
ING033,20110614,98.86,98.86,98.86,98.86,0
ING033,20110615,97.92,97.92,97.92,97.92,0
ING033,20110616,96.81,96.81,96.81,96.81,0
ING033,20110617,96.64,96.64,96.64,96.64,0
ING033,20110620,96.92,96.92,96.92,96.92,0
ING033,20110621,98.19,98.19,98.19,98.19,0
ING033,20110622,98.51,98.51,98.51,98.51,0
ING033,20110624,98.89,98.89,98.89,98.89,0
ING033,20110627,99.06,99.06,99.06,99.06,0
ING033,20110628,99.87,99.87,99.87,99.87,0
ING033,20110629,101.13,101.13,101.13,101.13,0
ING033,20110630,101.68,101.68,101.68,101.68,0
ING033,20110701,102.54,102.54,102.54,102.54,0
ING033,20110704,102.70,102.70,102.70,102.70,0
ING033,20110705,102.92,102.92,102.92,102.92,0
ING033,20110706,103.59,103.59,103.59,103.59,0
ING033,20110707,104.33,104.33,104.33,104.33,0
ING033,20110708,103.25,103.25,103.25,103.25,0
ING033,20110711,101.92,101.92,101.92,101.92,0
ING033,20110712,100.65,100.65,100.65,100.65,0
ING033,20110713,102.10,102.10,102.10,102.10,0
ING033,20110714,101.70,101.70,101.70,101.70,0
ING033,20110715,102.46,102.46,102.46,102.46,0
ING033,20110718,102.45,102.45,102.45,102.45,0
ING033,20110719,102.55,102.55,102.55,102.55,0
ING033,20110720,102.89,102.89,102.89,102.89,0
ING033,20110721,103.11,103.11,103.11,103.11,0
ING033,20110722,103.55,103.55,103.55,103.55,0
ING033,20110725,102.87,102.87,102.87,102.87,0
ING033,20110726,102.71,102.71,102.71,102.71,0
ING033,20110727,101.68,101.68,101.68,101.68,0
ING033,20110728,101.36,101.36,101.36,101.36,0
ING033,20110729,100.67,100.67,100.67,100.67,0
ING033,20110801,100.89,100.89,100.89,100.89,0
ING033,20110802,99.90,99.90,99.90,99.90,0
ING033,20110803,99.51,99.51,99.51,99.51,0
ING033,20110804,96.81,96.81,96.81,96.81,0
ING033,20110805,96.39,96.39,96.39,96.39,0
ING033,20110808,91.73,91.73,91.73,91.73,0
ING033,20110809,93.94,93.94,93.94,93.94,0
ING033,20110810,91.65,91.65,91.65,91.65,0
ING033,20110811,93.87,93.87,93.87,93.87,0
ING033,20110812,93.31,93.31,93.31,93.31,0
ING033,20110816,93.83,93.83,93.83,93.83,0
ING033,20110817,93.64,93.64,93.64,93.64,0
ING033,20110818,91.11,91.11,91.11,91.11,0
ING033,20110819,89.68,89.68,89.68,89.68,0
ING033,20110822,90.08,90.08,90.08,90.08,0
ING033,20110823,91.31,91.31,91.31,91.31,0
ING033,20110824,90.66,90.66,90.66,90.66,0
ING033,20110825,90.47,90.47,90.47,90.47,0
ING033,20110826,91.10,91.10,91.10,91.10,0
ING033,20110829,92.42,92.42,92.42,92.42,0
ING033,20110830,92.18,92.18,92.18,92.18,0
ING033,20110831,93.77,93.77,93.77,93.77,0
ING033,20110901,93.51,93.51,93.51,93.51,0
ING033,20110902,91.64,91.64,91.64,91.64,0
ING033,20110905,91.09,91.09,91.09,91.09,0
ING033,20110906,90.26,90.26,90.26,90.26,0
ING033,20110907,91.75,91.75,91.75,91.75,0
ING033,20110908,91.36,91.36,91.36,91.36,0
ING033,20110909,89.83,89.83,89.83,89.83,0
ING033,20110912,89.58,89.58,89.58,89.58,0
ING033,20110913,90.64,90.64,90.64,90.64,0
ING033,20110914,90.42,90.42,90.42,90.42,0
ING033,20110915,91.46,91.46,91.46,91.46,0
ING033,20110916,92.70,92.70,92.70,92.70,0
ING033,20110919,92.69,92.69,92.69,92.69,0
ING033,20110920,90.74,90.74,90.74,90.74,0
ING033,20110921,90.10,90.10,90.10,90.10,0
ING033,20110922,88.33,88.33,88.33,88.33,0
ING033,20110923,88.33,88.33,88.33,88.33,0
ING033,20110926,89.12,89.12,89.12,89.12,0
ING033,20110927,91.00,91.00,91.00,91.00,0
ING033,20110928,90.68,90.68,90.68,90.68,0
ING033,20110929,92.37,92.37,92.37,92.37,0
ING033,20110930,91.07,91.07,91.07,91.07,0
ING033,20111003,89.52,89.52,89.52,89.52,0
ING033,20111004,90.16,90.16,90.16,90.16,0
ING033,20111005,89.74,89.74,89.74,89.74,0
ING033,20111006,90.42,90.42,90.42,90.42,0
ING033,20111007,90.16,90.16,90.16,90.16,0
ING033,20111010,90.14,90.14,90.14,90.14,0
ING033,20111011,91.63,91.63,91.63,91.63,0
ING033,20111012,92.05,92.05,92.05,92.05,0
ING033,20111013,91.56,91.56,91.56,91.56,0
ING033,20111014,91.87,91.87,91.87,91.87,0
ING033,20111017,91.75,91.75,91.75,91.75,0
ING033,20111018,92.38,92.38,92.38,92.38,0
ING033,20111019,91.10,91.10,91.10,91.10,0
ING033,20111020,90.63,90.63,90.63,90.63,0
ING033,20111021,91.03,91.03,91.03,91.03,0
ING033,20111024,91.60,91.60,91.60,91.60,0
ING033,20111025,90.32,90.32,90.32,90.32,0
ING033,20111026,91.52,91.52,91.52,91.52,0
ING033,20111027,94.11,94.11,94.11,94.11,0
ING033,20111028,94.21,94.21,94.21,94.21,0
ING033,20111031,92.01,92.01,92.01,92.01,0
ING033,20111102,90.87,90.87,90.87,90.87,0
ING033,20111103,90.86,90.86,90.86,90.86,0
ING033,20111104,91.83,91.83,91.83,91.83,0
ING033,20111107,92.73,92.73,92.73,92.73,0
ING033,20111108,91.86,91.86,91.86,91.86,0
ING033,20111109,90.63,90.63,90.63,90.63,0
ING033,20111110,89.90,89.90,89.90,89.90,0
ING033,20111114,90.52,90.52,90.52,90.52,0
ING033,20111115,90.30,90.30,90.30,90.30,0
ING033,20111116,89.09,89.09,89.09,89.09,0
ING033,20111117,89.19,89.19,89.19,89.19,0
ING033,20111118,89.14,89.14,89.14,89.14,0
ING033,20111121,87.68,87.68,87.68,87.68,0
ING033,20111122,88.18,88.18,88.18,88.18,0
ING033,20111123,88.18,88.18,88.18,88.18,0
ING033,20111124,87.16,87.16,87.16,87.16,0
ING033,20111125,86.56,86.56,86.56,86.56,0
ING033,20111128,88.99,88.99,88.99,88.99,0
ING033,20111129,89.48,89.48,89.48,89.48,0
ING033,20111130,91.69,91.69,91.69,91.69,0
ING033,20111201,91.02,91.02,91.02,91.02,0
ING033,20111202,91.57,91.57,91.57,91.57,0
ING033,20111205,92.08,92.08,92.08,92.08,0
ING033,20111206,91.08,91.08,91.08,91.08,0
ING033,20111207,92.06,92.06,92.06,92.06,0
ING033,20111208,90.44,90.44,90.44,90.44,0
ING033,20111209,91.67,91.67,91.67,91.67,0
ING033,20111212,90.97,90.97,90.97,90.97,0
ING033,20111213,90.57,90.57,90.57,90.57,0
ING033,20111214,89.79,89.79,89.79,89.79,0
ING033,20111215,89.28,89.28,89.28,89.28,0
ING033,20111216,88.75,88.75,88.75,88.75,0
ING033,20111219,87.91,87.91,87.91,87.91,0
ING033,20111220,89.69,89.69,89.69,89.69,0
ING033,20111221,89.36,89.36,89.36,89.36,0
ING033,20111222,89.69,89.69,89.69,89.69,0
ING033,20111223,89.69,89.69,89.69,89.69,0
ING033,20111227,89.25,89.25,89.25,89.25,0
ING033,20111228,88.49,88.49,88.49,88.49,0
ING033,20111229,89.51,89.51,89.51,89.51,0
ING033,20111230,89.85,89.85,89.85,89.85,0
ING033,20120102,89.84,89.84,89.84,89.84,0
ING033,20120103,89.83,89.83,89.83,89.83,0
ING033,20120104,91.17,91.17,91.17,91.17,0
ING033,20120105,90.77,90.77,90.77,90.77,0
ING033,20120109,89.76,89.76,89.76,89.76,0
ING033,20120110,90.22,90.22,90.22,90.22,0
ING033,20120111,90.54,90.54,90.54,90.54,0
ING033,20120112,89.98,89.98,89.98,89.98,0
ING033,20120113,90.20,90.20,90.20,90.20,0
ING033,20120116,89.56,89.56,89.56,89.56,0
ING033,20120117,90.51,90.51,90.51,90.51,0
ING033,20120118,91.21,91.21,91.21,91.21,0
ING033,20120119,92.01,92.01,92.01,92.01,0
ING033,20120120,93.08,93.08,93.08,93.08,0
ING033,20120123,93.41,93.41,93.41,93.41,0
ING033,20120124,93.36,93.36,93.36,93.36,0
ING033,20120125,94.19,94.19,94.19,94.19,0
ING033,20120126,93.92,93.92,93.92,93.92,0
ING033,20120127,93.48,93.48,93.48,93.48,0
ING033,20120130,92.68,92.68,92.68,92.68,0
ING033,20120131,92.90,92.90,92.90,92.90,0
ING033,20120201,93.36,93.36,93.36,93.36,0
ING033,20120202,93.52,93.52,93.52,93.52,0
ING033,20120203,94.27,94.27,94.27,94.27,0
ING033,20120206,94.60,94.60,94.60,94.60,0
ING033,20120207,95.26,95.26,95.26,95.26,0
ING033,20120208,95.90,95.90,95.90,95.90,0
ING033,20120209,96.71,96.71,96.71,96.71,0
ING033,20120210,95.29,95.29,95.29,95.29,0
ING033,20120213,96.28,96.28,96.28,96.28,0
ING033,20120214,97.16,97.16,97.16,97.16,0
ING033,20120215,98.22,98.22,98.22,98.22,0
ING033,20120216,99.42,99.42,99.42,99.42,0
ING033,20120217,100.17,100.17,100.17,100.17,0
ING033,20120220,100.39,100.39,100.39,100.39,0
ING033,20120221,100.09,100.09,100.09,100.09,0
ING033,20120222,101.43,101.43,101.43,101.43,0
ING033,20120223,101.29,101.29,101.29,101.29,0
ING033,20120224,102.66,102.66,102.66,102.66,0
ING033,20120227,101.59,101.59,101.59,101.59,0
ING033,20120228,102.94,102.94,102.94,102.94,0
ING033,20120229,102.71,102.71,102.71,102.71,0
ING033,20120301,102.78,102.78,102.78,102.78,0
ING033,20120302,102.64,102.64,102.64,102.64,0
ING033,20120305,101.87,101.87,101.87,101.87,0
ING033,20120306,99.90,99.90,99.90,99.90,0
ING033,20120307,101.21,101.21,101.21,101.21,0
ING033,20120308,103.15,103.15,103.15,103.15,0
ING033,20120309,104.20,104.20,104.20,104.20,0
ING033,20120312,103.42,103.42,103.42,103.42,0
ING033,20120313,104.96,104.96,104.96,104.96,0
ING033,20120314,105.16,105.16,105.16,105.16,0
ING033,20120315,105.61,105.61,105.61,105.61,0
ING033,20120316,105.96,105.96,105.96,105.96,0
ING033,20120319,106.11,106.11,106.11,106.11,0
ING033,20120320,106.10,106.10,106.10,106.10,0
ING033,20120321,104.85,104.85,104.85,104.85,0
ING033,20120322,104.44,104.44,104.44,104.44,0
ING033,20120323,104.32,104.32,104.32,104.32,0
ING033,20120326,105.28,105.28,105.28,105.28,0
ING033,20120327,106.60,106.60,106.60,106.60,0
ING033,20120328,106.81,106.81,106.81,106.81,0
ING033,20120329,106.22,106.22,106.22,106.22,0
ING033,20120330,106.83,106.83,106.83,106.83,0
ING033,20120402,106.63,106.63,106.63,106.63,0
ING033,20120403,106.11,106.11,106.11,106.11,0
ING033,20120404,103.69,103.69,103.69,103.69,0
ING033,20120405,103.60,103.60,103.60,103.60,0
ING033,20120410,100.03,100.03,100.03,100.03,0
ING033,20120411,101.22,101.22,101.22,101.22,0
ING033,20120412,102.04,102.04,102.04,102.04,0
ING033,20120413,101.43,101.43,101.43,101.43,0
ING033,20120416,100.61,100.61,100.61,100.61,0
ING033,20120417,101.73,101.73,101.73,101.73,0
ING033,20120418,102.23,102.23,102.23,102.23,0
ING033,20120419,101.88,101.88,101.88,101.88,0
ING033,20120420,102.24,102.24,102.24,102.24,0
ING033,20120423,100.85,100.85,100.85,100.85,0
ING033,20120424,101.47,101.47,101.47,101.47,0
ING033,20120425,101.96,101.96,101.96,101.96,0
ING033,20120426,102.23,102.23,102.23,102.23,0
ING033,20120427,101.33,101.33,101.33,101.33,0
ING033,20120430,101.31,101.31,101.31,101.31,0
ING033,20120502,99.91,99.91,99.91,99.91,0
ING033,20120504,99.91,99.91,99.91,99.91,0
ING033,20120507,97.74,97.74,97.74,97.74,0
ING033,20120508,97.82,97.82,97.82,97.82,0
ING033,20120509,96.53,96.53,96.53,96.53,0
ING033,20120510,96.63,96.63,96.63,96.63,0
ING033,20120511,96.34,96.34,96.34,96.34,0
ING033,20120514,95.64,95.64,95.64,95.64,0
ING033,20120515,95.08,95.08,95.08,95.08,0
ING033,20120516,93.94,93.94,93.94,93.94,0
ING033,20120517,93.51,93.51,93.51,93.51,0
ING033,20120518,92.18,92.18,92.18,92.18,0
ING033,20120521,92.28,92.28,92.28,92.28,0
ING033,20120522,93.15,93.15,93.15,93.15,0
ING033,20120523,91.60,91.60,91.60,91.60,0
ING033,20120524,91.66,91.66,91.66,91.66,0
ING033,20120525,91.55,91.55,91.55,91.55,0
ING033,20120528,91.65,91.65,91.65,91.65,0
ING033,20120529,92.40,92.40,92.40,92.40,0
ING033,20120530,91.10,91.10,91.10,91.10,0
ING033,20120531,91.22,91.22,91.22,91.22,0
ING033,20120601,87.98,87.98,87.98,87.98,0
ING033,20120604,88.38,88.38,88.38,88.38,0
ING033,20120605,89.62,89.62,89.62,89.62,0
ING033,20120606,91.70,91.70,91.70,91.70,0
ING033,20120608,90.55,90.55,90.55,90.55,0
ING033,20120611,90.57,90.57,90.57,90.57,0
ING033,20120612,91.33,91.33,91.33,91.33,0
ING033,20120613,91.57,91.57,91.57,91.57,0
ING033,20120614,91.58,91.58,91.58,91.58,0
ING033,20120615,91.65,91.65,91.65,91.65,0
ING033,20120618,93.20,93.20,93.20,93.20,0
ING033,20120619,92.67,92.67,92.67,92.67,0
ING033,20120620,94.06,94.06,94.06,94.06,0
ING033,20120621,94.40,94.40,94.40,94.40,0
ING033,20120622,94.29,94.29,94.29,94.29,0
ING033,20120625,92.74,92.74,92.74,92.74,0
ING033,20120626,92.75,92.75,92.75,92.75,0
ING033,20120627,93.70,93.70,93.70,93.70,0
ING033,20120628,95.21,95.21,95.21,95.21,0
ING033,20120629,96.88,96.88,96.88,96.88,0
ING033,20120702,96.36,96.36,96.36,96.36,0
ING033,20120703,97.42,97.42,97.42,97.42,0
ING033,20120704,97.64,97.64,97.64,97.64,0
ING033,20120705,97.39,97.39,97.39,97.39,0
ING033,20120706,96.98,96.98,96.98,96.98,0
ING033,20120709,95.87,95.87,95.87,95.87,0
ING033,20120710,95.07,95.07,95.07,95.07,0
ING033,20120711,95.07,95.07,95.07,95.07,0
ING033,20120712,93.84,93.84,93.84,93.84,0
ING033,20120713,94.54,94.54,94.54,94.54,0
ING033,20120716,94.53,94.53,94.53,94.53,0
ING033,20120717,93.75,93.75,93.75,93.75,0
ING033,20120718,93.62,93.62,93.62,93.62,0
ING033,20120719,94.60,94.60,94.60,94.60,0
ING033,20120720,93.19,93.19,93.19,93.19,0
ING033,20120723,91.62,91.62,91.62,91.62,0
ING033,20120724,90.88,90.88,90.88,90.88,0
ING033,20120725,89.94,89.94,89.94,89.94,0
ING033,20120726,91.95,91.95,91.95,91.95,0
ING033,20120727,93.40,93.40,93.40,93.40,0
ING033,20120730,93.13,93.13,93.13,93.13,0
ING033,20120731,93.19,93.19,93.19,93.19,0
ING033,20120801,93.01,93.01,93.01,93.01,0
ING033,20120802,92.74,92.74,92.74,92.74,0
ING033,20120803,93.87,93.87,93.87,93.87,0
ING033,20120806,94.17,94.17,94.17,94.17,0
ING033,20120807,95.17,95.17,95.17,95.17,0
ING033,20120808,94.80,94.80,94.80,94.80,0
ING033,20120809,95.26,95.26,95.26,95.26,0
ING033,20120810,94.58,94.58,94.58,94.58,0
ING033,20120813,94.62,94.62,94.62,94.62,0
ING033,20120814,94.47,94.47,94.47,94.47,0
ING033,20120816,95.64,95.64,95.64,95.64,0
ING033,20120817,96.43,96.43,96.43,96.43,0
ING033,20120820,96.30,96.30,96.30,96.30,0
ING033,20120821,96.35,96.35,96.35,96.35,0
ING033,20120822,96.03,96.03,96.03,96.03,0
ING033,20120823,95.74,95.74,95.74,95.74,0
ING033,20120824,95.49,95.49,95.49,95.49,0
ING033,20120827,95.35,95.35,95.35,95.35,0
ING033,20120828,94.46,94.46,94.46,94.46,0
ING033,20120829,95.06,95.06,95.06,95.06,0
ING033,20120830,94.46,94.46,94.46,94.46,0
ING033,20120831,93.05,93.05,93.05,93.05,0
ING033,20120903,92.84,92.84,92.84,92.84,0
ING033,20120904,92.66,92.66,92.66,92.66,0
ING033,20120905,91.61,91.61,91.61,91.61,0
ING033,20120906,93.33,93.33,93.33,93.33,0
ING033,20120907,93.94,93.94,93.94,93.94,0
ING033,20120910,94.04,94.04,94.04,94.04,0
ING033,20120911,93.29,93.29,93.29,93.29,0
ING033,20120912,94.31,94.31,94.31,94.31,0
ING033,20120913,95.21,95.21,95.21,95.21,0
ING033,20120914,96.84,96.84,96.84,96.84,0
ING033,20120917,96.82,96.82,96.82,96.82,0
ING033,20120918,96.01,96.01,96.01,96.01,0
ING033,20120919,96.54,96.54,96.54,96.54,0
ING033,20120920,95.49,95.49,95.49,95.49,0
ING033,20120921,95.78,95.78,95.78,95.78,0
ING033,20120924,95.53,95.53,95.53,95.53,0
ING033,20120925,95.67,95.67,95.67,95.67,0
ING033,20120926,95.04,95.04,95.04,95.04,0
ING033,20120927,95.24,95.24,95.24,95.24,0
ING033,20120928,94.35,94.35,94.35,94.35,0
ING033,20121001,93.43,93.43,93.43,93.43,0
ING033,20121002,93.28,93.28,93.28,93.28,0
ING033,20121003,92.92,92.92,92.92,92.92,0
ING033,20121004,93.88,93.88,93.88,93.88,0
ING033,20121005,93.94,93.94,93.94,93.94,0
ING033,20121008,93.92,93.92,93.92,93.92,0
ING033,20121009,92.17,92.17,92.17,92.17,0
ING033,20121010,91.58,91.58,91.58,91.58,0
ING033,20121011,91.47,91.47,91.47,91.47,0
ING033,20121012,91.80,91.80,91.80,91.80,0
ING033,20121015,92.43,92.43,92.43,92.43,0
ING033,20121016,93.73,93.73,93.73,93.73,0
ING033,20121017,94.10,94.10,94.10,94.10,0
ING033,20121018,95.59,95.59,95.59,95.59,0
ING033,20121019,94.67,94.67,94.67,94.67,0
ING033,20121022,95.77,95.77,95.77,95.77,0
ING033,20121023,94.44,94.44,94.44,94.44,0
ING033,20121024,94.73,94.73,94.73,94.73,0
ING033,20121025,95.49,95.49,95.49,95.49,0
ING033,20121026,94.41,94.41,94.41,94.41,0
ING033,20121029,94.21,94.21,94.21,94.21,0
ING033,20121030,93.40,93.40,93.40,93.40,0
ING033,20121031,94.66,94.66,94.66,94.66,0
ING033,20121102,95.64,95.64,95.64,95.64,0
ING033,20121105,95.21,95.21,95.21,95.21,0
ING033,20121106,94.75,94.75,94.75,94.75,0
ING033,20121107,93.40,93.40,93.40,93.40,0
ING033,20121108,92.57,92.57,92.57,92.57,0
ING033,20121109,93.18,93.18,93.18,93.18,0
ING033,20121112,92.26,92.26,92.26,92.26,0
ING033,20121113,92.27,92.27,92.27,92.27,0
ING033,20121114,92.09,92.09,92.09,92.09,0
ING033,20121115,94.08,94.08,94.08,94.08,0
ING033,20121116,95.76,95.76,95.76,95.76,0
ING033,20121119,97.66,97.66,97.66,97.66,0
ING033,20121120,96.89,96.89,96.89,96.89,0
ING033,20121121,98.15,98.15,98.15,98.15,0
ING033,20121122,98.16,98.16,98.16,98.16,0
ING033,20121123,98.15,98.15,98.15,98.15,0
ING033,20121126,98.31,98.31,98.31,98.31,0
ING033,20121127,98.40,98.40,98.40,98.40,0
ING033,20121128,97.52,97.52,97.52,97.52,0
ING033,20121129,98.52,98.52,98.52,98.52,0
ING033,20121130,99.24,99.24,99.24,99.24,0
ING033,20121203,99.15,99.15,99.15,99.15,0
ING033,20121204,99.04,99.04,99.04,99.04,0
ING033,20121205,99.17,99.17,99.17,99.17,0
ING033,20121206,99.88,99.88,99.88,99.88,0
ING033,20121207,100.05,100.05,100.05,100.05,0
ING033,20121210,99.82,99.82,99.82,99.82,0
ING033,20121211,99.67,99.67,99.67,99.67,0
ING033,20121212,100.76,100.76,100.76,100.76,0
ING033,20121213,101.35,101.35,101.35,101.35,0
ING033,20121214,101.44,101.44,101.44,101.44,0
ING033,20121217,102.09,102.09,102.09,102.09,0
ING033,20121218,104.05,104.05,104.05,104.05,0
ING033,20121219,105.79,105.79,105.79,105.79,0
ING033,20121220,106.55,106.55,106.55,106.55,0
ING033,20121221,105.88,105.88,105.88,105.88,0
ING033,20121227,107.62,107.62,107.62,107.62,0
ING033,20121228,107.96,107.96,107.96,107.96,0
ING033,20130102,107.93,107.93,107.93,107.93,0
ING033,20130103,107.93,107.93,107.93,107.93,0
ING033,20130104,112.29,112.29,112.29,112.29,0
ING033,20130107,110.99,110.99,110.99,110.99,0
ING033,20130108,109.49,109.49,109.49,109.49,0
ING033,20130109,110.94,110.94,110.94,110.94,0
ING033,20130110,112.65,112.65,112.65,112.65,0
ING033,20130111,113.21,113.21,113.21,113.21,0
ING033,20130114,113.20,113.20,113.20,113.20,0
ING033,20130115,113.66,113.66,113.66,113.66,0
ING033,20130116,111.71,111.71,111.71,111.71,0
ING033,20130117,114.15,114.15,114.15,114.15,0
ING033,20130118,114.32,114.32,114.32,114.32,0
ING033,20130121,113.44,113.44,113.44,113.44,0
ING033,20130122,112.63,112.63,112.63,112.63,0
ING033,20130123,111.56,111.56,111.56,111.56,0
ING033,20130124,113.95,113.95,113.95,113.95,0
ING033,20130125,114.90,114.90,114.90,114.90,0
ING033,20130128,114.30,114.30,114.30,114.30,0
ING033,20130129,115.28,115.28,115.28,115.28,0
ING033,20130130,116.48,116.48,116.48,116.48,0
ING033,20130131,117.35,117.35,117.35,117.35,0
ING033,20130201,118.37,118.37,118.37,118.37,0
ING033,20130204,117.93,117.93,117.93,117.93,0
ING033,20130205,118.89,118.89,118.89,118.89,0
ING033,20130206,120.26,120.26,120.26,120.26,0
ING033,20130207,120.06,120.06,120.06,120.06,0
ING033,20130208,118.59,118.59,118.59,118.59,0
ING033,20130211,118.57,118.57,118.57,118.57,0
ING033,20130212,119.92,119.92,119.92,119.92,0
ING033,20130213,118.66,118.66,118.66,118.66,0
ING033,20130214,118.07,118.07,118.07,118.07,0
ING033,20130215,117.57,117.57,117.57,117.57,0
ING033,20130218,119.02,119.02,119.02,119.02,0
ING033,20130219,119.19,119.19,119.19,119.19,0
ING033,20130220,119.95,119.95,119.95,119.95,0
ING033,20130221,118.73,118.73,118.73,118.73,0
ING033,20130222,119.80,119.80,119.80,119.80,0
ING033,20130225,116.17,116.17,116.17,116.17,0
ING033,20130226,119.42,119.42,119.42,119.42,0
ING033,20130227,119.23,119.23,119.23,119.23,0
ING033,20130228,120.12,120.12,120.12,120.12,0
ING033,20130301,121.71,121.71,121.71,121.71,0
ING033,20130304,122.56,122.56,122.56,122.56,0
ING033,20130305,122.76,122.76,122.76,122.76,0
ING033,20130306,124.36,124.36,124.36,124.36,0
ING033,20130307,124.45,124.45,124.45,124.45,0
ING033,20130308,125.82,125.82,125.82,125.82,0
ING033,20130311,127.17,127.17,127.17,127.17,0
ING033,20130312,126.86,126.86,126.86,126.86,0
ING033,20130313,126.32,126.32,126.32,126.32,0
ING033,20130314,127.31,127.31,127.31,127.31,0
ING033,20130315,128.48,128.48,128.48,128.48,0
ING033,20130318,126.83,126.83,126.83,126.83,0
ING033,20130319,127.88,127.88,127.88,127.88,0
ING033,20130320,127.87,127.87,127.87,127.87,0
ING033,20130321,128.38,128.38,128.38,128.38,0
ING033,20130322,126.79,126.79,126.79,126.79,0
ING033,20130325,126.71,126.71,126.71,126.71,0
ING033,20130326,126.89,126.89,126.89,126.89,0
ING033,20130327,128.02,128.02,128.02,128.02,0
ING033,20130328,126.97,126.97,126.97,126.97,0
ING033,20130402,123.35,123.35,123.35,123.35,0
ING033,20130403,122.88,122.88,122.88,122.88,0
ING033,20130404,129.72,129.72,129.72,129.72,0
ING033,20130405,132.54,132.54,132.54,132.54,0
ING033,20130408,135.86,135.86,135.86,135.86,0
ING033,20130409,134.15,134.15,134.15,134.15,0
ING033,20130410,137.30,137.30,137.30,137.30,0
ING033,20130411,138.93,138.93,138.93,138.93,0
ING033,20130412,138.56,138.56,138.56,138.56,0
ING033,20130415,134.56,134.56,134.56,134.56,0
ING033,20130417,137.15,137.15,137.15,137.15,0
ING033,20130418,135.98,135.98,135.98,135.98,0
ING033,20130419,138.64,138.64,138.64,138.64,0
ING033,20130422,138.50,138.50,138.50,138.50,0
ING033,20130423,139.60,139.60,139.60,139.60,0
ING033,20130424,140.55,140.55,140.55,140.55,0
ING033,20130425,141.36,141.36,141.36,141.36,0
ING033,20130426,140.46,140.46,140.46,140.46,0
ING033,20130429,140.44,140.44,140.44,140.44,0
ING033,20130430,140.92,140.92,140.92,140.92,0
ING033,20130502,140.87,140.87,140.87,140.87,0
ING033,20130506,140.84,140.84,140.84,140.84,0
ING033,20130507,143.09,143.09,143.09,143.09,0
ING033,20130508,143.87,143.87,143.87,143.87,0
ING033,20130509,144.78,144.78,144.78,144.78,0
ING033,20130510,146.66,146.66,146.66,146.66,0
ING033,20130513,148.90,148.90,148.90,148.90,0
ING033,20130514,150.32,150.32,150.32,150.32,0
ING033,20130515,151.23,151.23,151.23,151.23,0
ING033,20130516,150.37,150.37,150.37,150.37,0
ING033,20130517,153.26,153.26,153.26,153.26,0
ING033,20130520,153.31,153.31,153.31,153.31,0
ING033,20130521,153.27,153.27,153.27,153.27,0
ING033,20130522,153.87,153.87,153.87,153.87,0
ING033,20130523,146.23,146.23,146.23,146.23,0
ING033,20130524,142.23,142.23,142.23,142.23,0
ING033,20130527,140.31,140.31,140.31,140.31,0
ING033,20130528,143.69,143.69,143.69,143.69,0
ING033,20130529,141.10,141.10,141.10,141.10,0
ING033,20130531,135.90,135.90,135.90,135.90,0
ING033,20130603,133.80,133.80,133.80,133.80,0
ING033,20130604,137.62,137.62,137.62,137.62,0
ING033,20130605,132.27,132.27,132.27,132.27,0
ING033,20130606,128.77,128.77,128.77,128.77,0
ING033,20130607,132.20,132.20,132.20,132.20,0
ING033,20130610,136.34,136.34,136.34,136.34,0
ING033,20130611,131.76,131.76,131.76,131.76,0
ING033,20130612,131.76,131.76,131.76,131.76,0
ING033,20130613,129.83,129.83,129.83,129.83,0
ING033,20130614,128.37,128.37,128.37,128.37,0
ING033,20130617,131.90,131.90,131.90,131.90,0
ING033,20130618,133.63,133.63,133.63,133.63,0
ING033,20130619,134.74,134.74,134.74,134.74,0
ING033,20130620,131.34,131.34,131.34,131.34,0
ING033,20130621,134.81,134.81,134.81,134.81,0
ING033,20130624,132.62,132.62,132.62,132.62,0
ING033,20130625,132.92,132.92,132.92,132.92,0
ING033,20130626,131.93,131.93,131.93,131.93,0
ING033,20130627,135.80,135.80,135.80,135.80,0
ING033,20130628,137.91,137.91,137.91,137.91,0
ING033,20130701,139.87,139.87,139.87,139.87,0
ING033,20130702,142.28,142.28,142.28,142.28,0
ING033,20130703,142.81,142.81,142.81,142.81,0
ING033,20130704,142.25,142.25,142.25,142.25,0
ING033,20130705,144.71,144.71,144.71,144.71,0
ING033,20130708,144.34,144.34,144.34,144.34,0
ING033,20130709,145.63,145.63,145.63,145.63,0
ING033,20130710,145.08,145.08,145.08,145.08,0
ING033,20130711,145.24,145.24,145.24,145.24,0
ING033,20130712,146.11,146.11,146.11,146.11,0
ING033,20130715,146.08,146.08,146.08,146.08,0
ING033,20130716,146.73,146.73,146.73,146.73,0
ING033,20130717,147.40,147.40,147.40,147.40,0
ING033,20130718,149.41,149.41,149.41,149.41,0
ING033,20130719,148.63,148.63,148.63,148.63,0
ING033,20130722,147.65,147.65,147.65,147.65,0
ING033,20130723,148.24,148.24,148.24,148.24,0
ING033,20130724,147.98,147.98,147.98,147.98,0
ING033,20130725,144.81,144.81,144.81,144.81,0
ING033,20130726,140.28,140.28,140.28,140.28,0
ING033,20130729,137.18,137.18,137.18,137.18,0
ING033,20130730,138.45,138.45,138.45,138.45,0
ING033,20130731,138.30,138.30,138.30,138.30,0
ING033,20130801,143.28,143.28,143.28,143.28,0
ING033,20130802,145.45,145.45,145.45,145.45,0
ING033,20130805,144.43,144.43,144.43,144.43,0
ING033,20130806,143.78,143.78,143.78,143.78,0
ING033,20130807,140.14,140.14,140.14,140.14,0
ING033,20130808,138.84,138.84,138.84,138.84,0
ING033,20130809,138.49,138.49,138.49,138.49,0
ING033,20130812,137.33,137.33,137.33,137.33,0
ING033,20130813,139.95,139.95,139.95,139.95,0
ING033,20130814,140.35,140.35,140.35,140.35,0
ING033,20130816,137.79,137.79,137.79,137.79,0
ING033,20130819,137.54,137.54,137.54,137.54,0
ING033,20130820,135.79,135.79,135.79,135.79,0
ING033,20130821,135.27,135.27,135.27,135.27,0
ING033,20130822,136.50,136.50,136.50,136.50,0
ING033,20130823,137.68,137.68,137.68,137.68,0
ING033,20130826,137.29,137.29,137.29,137.29,0
ING033,20130827,133.79,133.79,133.79,133.79,0
ING033,20130828,134.24,134.24,134.24,134.24,0
ING033,20130829,134.65,134.65,134.65,134.65,0
ING033,20130830,132.86,132.86,132.86,132.86,0
ING033,20130902,134.43,134.43,134.43,134.43,0
ING033,20130903,138.07,138.07,138.07,138.07,0
ING033,20130904,138.82,138.82,138.82,138.82,0
ING033,20130905,139.08,139.08,139.08,139.08,0
ING033,20130906,137.97,137.97,137.97,137.97,0
ING033,20130909,141.53,141.53,141.53,141.53,0
ING033,20130910,144.12,144.12,144.12,144.12,0
ING033,20130911,142.46,142.46,142.46,142.46,0
ING033,20130912,141.97,141.97,141.97,141.97,0
ING033,20130913,142.16,142.16,142.16,142.16,0
ING033,20130916,142.14,142.14,142.14,142.14,0
ING033,20130917,142.30,142.30,142.30,142.30,0
ING033,20130918,145.22,145.22,145.22,145.22,0
ING033,20130919,145.48,145.48,145.48,145.48,0
ING033,20130920,146.03,146.03,146.03,146.03,0
ING033,20130923,146.01,146.01,146.01,146.01,0
ING033,20130924,145.36,145.36,145.36,145.36,0
ING033,20130925,144.95,144.95,144.95,144.95,0
ING033,20130926,147.00,147.00,147.00,147.00,0
ING033,20130927,146.19,146.19,146.19,146.19,0
ING033,20130930,143.63,143.63,143.63,143.63,0
ING033,20131001,143.64,143.64,143.64,143.64,0
ING033,20131002,141.29,141.29,141.29,141.29,0
ING033,20131003,141.08,141.08,141.08,141.08,0
ING033,20131004,140.59,140.59,140.59,140.59,0
ING033,20131007,138.40,138.40,138.40,138.40,0
ING033,20131008,138.25,138.25,138.25,138.25,0
ING033,20131009,140.87,140.87,140.87,140.87,0
ING033,20131010,143.27,143.27,143.27,143.27,0
ING033,20131011,144.49,144.49,144.49,144.49,0
ING033,20131014,144.46,144.46,144.46,144.46,0
ING033,20131015,144.47,144.47,144.47,144.47,0
ING033,20131016,145.51,145.51,145.51,145.51,0
ING033,20131017,145.15,145.15,145.15,145.15,0
ING033,20131018,144.93,144.93,144.93,144.93,0
ING033,20131021,145.62,145.62,145.62,145.62,0
ING033,20131022,146.01,146.01,146.01,146.01,0
ING033,20131023,143.68,143.68,143.68,143.68,0
ING033,20131024,145.10,145.10,145.10,145.10,0
ING033,20131025,142.40,142.40,142.40,142.40,0
ING033,20131028,144.95,144.95,144.95,144.95,0
ING033,20131029,144.99,144.99,144.99,144.99,0
ING033,20131030,145.64,145.64,145.64,145.64,0
ING033,20131031,144.45,144.45,144.45,144.45,0
ING033,20131104,143.57,143.57,143.57,143.57,0
ING033,20131105,142.76,142.76,142.76,142.76,0
ING033,20131106,144.04,144.04,144.04,144.04,0
ING033,20131107,141.36,141.36,141.36,141.36,0
ING033,20131108,143.95,143.95,143.95,143.95,0
ING033,20131112,146.10,146.10,146.10,146.10,0
ING033,20131113,146.54,146.54,146.54,146.54,0
ING033,20131114,148.90,148.90,148.90,148.90,0
ING033,20131115,150.25,150.25,150.25,150.25,0
ING033,20131118,150.13,150.13,150.13,150.13,0
ING033,20131119,149.62,149.62,149.62,149.62,0
ING033,20131120,149.40,149.40,149.40,149.40,0
ING033,20131121,151.60,151.60,151.60,151.60,0
ING033,20131122,151.70,151.70,151.70,151.70,0
ING033,20131125,152.00,152.00,152.00,152.00,0
ING033,20131126,151.45,151.45,151.45,151.45,0
ING033,20131127,151.58,151.58,151.58,151.58,0
ING033,20131128,152.39,152.39,152.39,152.39,0
ING033,20131129,152.27,152.27,152.27,152.27,0
ING033,20131202,152.30,152.30,152.30,152.30,0
ING033,20131203,152.44,152.44,152.44,152.44,0
ING033,20131204,150.10,150.10,150.10,150.10,0
ING033,20131205,148.82,148.82,148.82,148.82,0
ING033,20131206,150.02,150.02,150.02,150.02,0
ING033,20131209,152.05,152.05,152.05,152.05,0
ING033,20131210,152.16,152.16,152.16,152.16,0
ING033,20131211,151.02,151.02,151.02,151.02,0
ING033,20131212,150.84,150.84,150.84,150.84,0
ING033,20131213,150.51,150.51,150.51,150.51,0
ING033,20131216,148.93,148.93,148.93,148.93,0
ING033,20131217,150.15,150.15,150.15,150.15,0
ING033,20131218,152.76,152.76,152.76,152.76,0
ING033,20131219,153.42,153.42,153.42,153.42,0
ING033,20131220,153.44,153.44,153.44,153.44,0
ING033,20131223,153.41,153.41,153.41,153.41,0
ING033,20131227,157.30,157.30,157.30,157.30,0
ING033,20131230,158.69,158.69,158.69,158.69,0
ING033,20140102,158.66,158.66,158.66,158.66,0
ING033,20140103,158.65,158.65,158.65,158.65,0
ING033,20140107,157.05,157.05,157.05,157.05,0
ING033,20140108,160.16,160.16,160.16,160.16,0
ING033,20140109,158.91,158.91,158.91,158.91,0
ING033,20140110,159.25,159.25,159.25,159.25,0
ING033,20140113,159.22,159.22,159.22,159.22,0
ING033,20140114,156.53,156.53,156.53,156.53,0
ING033,20140115,159.00,159.00,159.00,159.00,0
ING033,20140116,159.27,159.27,159.27,159.27,0
ING033,20140117,159.56,159.56,159.56,159.56,0
ING033,20140120,159.34,159.34,159.34,159.34,0
ING033,20140121,159.31,159.31,159.31,159.31,0
ING033,20140122,159.59,159.59,159.59,159.59,0
ING033,20140123,158.16,158.16,158.16,158.16,0
ING033,20140124,154.43,154.43,154.43,154.43,0
ING033,20140127,151.17,151.17,151.17,151.17,0
ING033,20140128,150.48,150.48,150.48,150.48,0
ING033,20140129,154.36,154.36,154.36,154.36,0
ING033,20140130,151.23,151.23,151.23,151.23,0
ING033,20140131,150.40,150.40,150.40,150.40,0
ING033,20140203,146.57,146.57,146.57,146.57,0
ING033,20140204,139.64,139.64,139.64,139.64,0
ING033,20140205,142.68,142.68,142.68,142.68,0
ING033,20140206,143.40,143.40,143.40,143.40,0
ING033,20140207,146.99,146.99,146.99,146.99,0
ING033,20140210,148.07,148.07,148.07,148.07,0
ING033,20140211,148.06,148.06,148.06,148.06,0
ING033,20140212,150.04,150.04,150.04,150.04,0
ING033,20140213,147.74,147.74,147.74,147.74,0
ING033,20140214,145.79,145.79,145.79,145.79,0
ING033,20140217,146.68,146.68,146.68,146.68,0
ING033,20140218,150.45,150.45,150.45,150.45,0
ING033,20140219,149.69,149.69,149.69,149.69,0
ING033,20140220,146.64,146.64,146.64,146.64,0
ING033,20140221,149.67,149.67,149.67,149.67,0
ING033,20140224,148.99,148.99,148.99,148.99,0
ING033,20140225,150.65,150.65,150.65,150.65,0
ING033,20140226,149.50,149.50,149.50,149.50,0
ING033,20140227,148.39,148.39,148.39,148.39,0
ING033,20140228,147.68,147.68,147.68,147.68,0
ING033,20140303,145.80,145.80,145.80,145.80,0
ING033,20140304,147.25,147.25,147.25,147.25,0
ING033,20140305,147.91,147.91,147.91,147.91,0
ING033,20140306,149.80,149.80,149.80,149.80,0
ING033,20140307,150.75,150.75,150.75,150.75,0
ING033,20140310,149.78,149.78,149.78,149.78,0
ING033,20140311,150.59,150.59,150.59,150.59,0
ING033,20140312,147.50,147.50,147.50,147.50,0
ING033,20140313,146.75,146.75,146.75,146.75,0
ING033,20140314,142.72,142.72,142.72,142.72,0
ING033,20140317,141.05,141.05,141.05,141.05,0
ING033,20140318,142.48,142.48,142.48,142.48,0
ING033,20140319,141.95,141.95,141.95,141.95,0
ING033,20140320,139.69,139.69,139.69,139.69,0
ING033,20140321,139.68,139.68,139.68,139.68,0
ING033,20140324,139.98,139.98,139.98,139.98,0
ING033,20140325,140.02,140.02,140.02,140.02,0
ING033,20140326,141.23,141.23,141.23,141.23,0
ING033,20140327,142.42,142.42,142.42,142.42,0
ING033,20140328,143.61,143.61,143.61,143.61,0
ING033,20140331,145.89,145.89,145.89,145.89,0
ING033,20140401,146.42,146.42,146.42,146.42,0
ING033,20140402,147.55,147.55,147.55,147.55,0
ING033,20140403,148.03,148.03,148.03,148.03,0
ING033,20140404,147.61,147.61,147.61,147.61,0
ING033,20140407,145.40,145.40,145.40,145.40,0
ING033,20140408,143.19,143.19,143.19,143.19,0
ING033,20140409,140.43,140.43,140.43,140.43,0
ING033,20140410,139.41,139.41,139.41,139.41,0
ING033,20140411,138.49,138.49,138.49,138.49,0
ING033,20140414,138.37,138.37,138.37,138.37,0
ING033,20140415,138.77,138.77,138.77,138.77,0
ING033,20140416,142.82,142.82,142.82,142.82,0
ING033,20140417,142.24,142.24,142.24,142.24,0
ING033,20140422,141.86,141.86,141.86,141.86,0
ING033,20140423,143.30,143.30,143.30,143.30,0
ING033,20140424,142.50,142.50,142.50,142.50,0
ING033,20140425,143.47,143.47,143.47,143.47,0
ING033,20140428,142.54,142.54,142.54,142.54,0
ING033,20140429,142.54,142.54,142.54,142.54,0
ING033,20140430,142.71,142.71,142.71,142.71,0
ING033,20140502,145.25,145.25,145.25,145.25,0
ING033,20140505,145.22,145.22,145.22,145.22,0
ING033,20140506,145.21,145.21,145.21,145.21,0
ING033,20140507,141.27,141.27,141.27,141.27,0
ING033,20140508,142.03,142.03,142.03,142.03,0
ING033,20140509,143.18,143.18,143.18,143.18,0
ING033,20140512,142.17,142.17,142.17,142.17,0
ING033,20140513,144.32,144.32,144.32,144.32,0
ING033,20140514,145.09,145.09,145.09,145.09,0
ING033,20140515,144.52,144.52,144.52,144.52,0
ING033,20140516,142.28,142.28,142.28,142.28,0
ING033,20140519,140.75,140.75,140.75,140.75,0
ING033,20140520,140.93,140.93,140.93,140.93,0
ING033,20140521,140.72,140.72,140.72,140.72,0
ING033,20140522,143.15,143.15,143.15,143.15,0
ING033,20140523,144.72,144.72,144.72,144.72,0
ING033,20140526,146.45,146.45,146.45,146.45,0
ING033,20140527,146.45,146.45,146.45,146.45,0
ING033,20140528,147.14,147.14,147.14,147.14,0
ING033,20140529,147.53,147.53,147.53,147.53,0
ING033,20140530,147.50,147.50,147.50,147.50,0
ING033,20140602,149.60,149.60,149.60,149.60,0
ING033,20140603,150.63,150.63,150.63,150.63,0
ING033,20140604,151.42,151.42,151.42,151.42,0
ING033,20140605,151.38,151.38,151.38,151.38,0
ING033,20140606,151.74,151.74,151.74,151.74,0
ING033,20140609,151.58,151.58,151.58,151.58,0
ING033,20140610,150.83,150.83,150.83,150.83,0
ING033,20140611,152.50,152.50,152.50,152.50,0
ING033,20140612,152.38,152.38,152.38,152.38,0
ING033,20140613,152.94,152.94,152.94,152.94,0
ING033,20140616,151.81,151.81,151.81,151.81,0
ING033,20140617,151.60,151.60,151.60,151.60,0
ING033,20140618,153.05,153.05,153.05,153.05,0
ING033,20140620,155.77,155.77,155.77,155.77,0
ING033,20140623,155.63,155.63,155.63,155.63,0
ING033,20140624,155.67,155.67,155.67,155.67,0
ING033,20140625,154.71,154.71,154.71,154.71,0
ING033,20140626,155.06,155.06,155.06,155.06,0
ING033,20140627,153.93,153.93,153.93,153.93,0
ING033,20140630,155.06,155.06,155.06,155.06,0
ING033,20140701,157.05,157.05,157.05,157.05,0
ING033,20140702,157.75,157.75,157.75,157.75,0
ING033,20140703,157.34,157.34,157.34,157.34,0
ING033,20140704,158.37,158.37,158.37,158.37,0
ING033,20140707,157.72,157.72,157.72,157.72,0
ING033,20140708,157.45,157.45,157.45,157.45,0
ING033,20140709,156.75,156.75,156.75,156.75,0
ING033,20140710,155.16,155.16,155.16,155.16,0
ING033,20140711,154.44,154.44,154.44,154.44,0
ING033,20140714,155.60,155.60,155.60,155.60,0
ING033,20140715,156.72,156.72,156.72,156.72,0
ING033,20140716,156.37,156.37,156.37,156.37,0
ING033,20140717,156.02,156.02,156.02,156.02,0
ING033,20140718,155.48,155.48,155.48,155.48,0
ING033,20140721,155.45,155.45,155.45,155.45,0
ING033,20140722,156.78,156.78,156.78,156.78,0
ING033,20140723,156.95,156.95,156.95,156.95,0
ING033,20140724,156.57,156.57,156.57,156.57,0
ING033,20140725,158.06,158.06,158.06,158.06,0
ING033,20140728,158.96,158.96,158.96,158.96,0
ING033,20140729,159.60,159.60,159.60,159.60,0
ING033,20140730,160.15,160.15,160.15,160.15,0
ING033,20140731,158.97,158.97,158.97,158.97,0
ING033,20140801,158.87,158.87,158.87,158.87,0
ING033,20140804,158.59,158.59,158.59,158.59,0
ING033,20140805,156.53,156.53,156.53,156.53,0
ING033,20140806,155.12,155.12,155.12,155.12,0
ING033,20140807,156.17,156.17,156.17,156.17,0
ING033,20140808,152.89,152.89,152.89,152.89,0
ING033,20140811,155.41,155.41,155.41,155.41,0
ING033,20140812,155.85,155.85,155.85,155.85,0
ING033,20140813,156.48,156.48,156.48,156.48,0
ING033,20140814,157.53,157.53,157.53,157.53,0
ING033,20140818,157.47,157.47,157.47,157.47,0
ING033,20140819,158.49,158.49,158.49,158.49,0
ING033,20140820,158.31,158.31,158.31,158.31,0
ING033,20140821,159.71,159.71,159.71,159.71,0
ING033,20140822,158.99,158.99,158.99,158.99,0
ING033,20140825,159.75,159.75,159.75,159.75,0
ING033,20140826,159.12,159.12,159.12,159.12,0
ING033,20140827,159.45,159.45,159.45,159.45,0
ING033,20140828,158.85,158.85,158.85,158.85,0
ING033,20140829,158.39,158.39,158.39,158.39,0
ING033,20140901,159.39,159.39,159.39,159.39,0
ING033,20140902,161.24,161.24,161.24,161.24,0
ING033,20140903,161.68,161.68,161.68,161.68,0
ING033,20140904,160.86,160.86,160.86,160.86,0
ING033,20140905,160.57,160.57,160.57,160.57,0
ING033,20140908,161.21,161.21,161.21,161.21,0
ING033,20140909,161.42,161.42,161.42,161.42,0
ING033,20140910,162.09,162.09,162.09,162.09,0
ING033,20140911,162.61,162.61,162.61,162.61,0
ING033,20140912,162.67,162.67,162.67,162.67,0
ING033,20140915,162.64,162.64,162.64,162.64,0
ING033,20140916,162.27,162.27,162.27,162.27,0
ING033,20140917,161.47,161.47,161.47,161.47,0
ING033,20140918,163.18,163.18,163.18,163.18,0
ING033,20140919,165.04,165.04,165.04,165.04,0
ING033,20140922,165.22,165.22,165.22,165.22,0
ING033,20140923,165.21,165.21,165.21,165.21,0
ING033,20140924,164.81,164.81,164.81,164.81,0
ING033,20140925,166.84,166.84,166.84,166.84,0
ING033,20140926,166.81,166.81,166.81,166.81,0
ING033,20140929,167.58,167.58,167.58,167.58,0
ING033,20140930,166.13,166.13,166.13,166.13,0
ING033,20141001,164.53,164.53,164.53,164.53,0
ING033,20141002,160.05,160.05,160.05,160.05,0
ING033,20141003,160.74,160.74,160.74,160.74,0
ING033,20141006,162.39,162.39,162.39,162.39,0
ING033,20141007,160.70,160.70,160.70,160.70,0
ING033,20141008,159.81,159.81,159.81,159.81,0
ING033,20141009,156.48,156.48,156.48,156.48,0
ING033,20141010,154.30,154.30,154.30,154.30,0
ING033,20141013,154.27,154.27,154.27,154.27,0
ING033,20141014,151.16,151.16,151.16,151.16,0
ING033,20141015,152.21,152.21,152.21,152.21,0
ING033,20141016,148.51,148.51,148.51,148.51,0
ING033,20141017,146.82,146.82,146.82,146.82,0
ING033,20141020,152.22,152.22,152.22,152.22,0
ING033,20141021,150.15,150.15,150.15,150.15,0
ING033,20141022,153.65,153.65,153.65,153.65,0
ING033,20141023,153.51,153.51,153.51,153.51,0
ING033,20141024,154.42,154.42,154.42,154.42,0
ING033,20141027,155.94,155.94,155.94,155.94,0
ING033,20141028,155.65,155.65,155.65,155.65,0
ING033,20141029,157.74,157.74,157.74,157.74,0
ING033,20141030,158.34,158.34,158.34,158.34,0
ING033,20141031,164.80,164.80,164.80,164.80,0
ING033,20141103,164.77,164.77,164.77,164.77,0
ING033,20141104,168.13,168.13,168.13,168.13,0
ING033,20141105,168.46,168.46,168.46,168.46,0
ING033,20141106,166.74,166.74,166.74,166.74,0
ING033,20141107,167.33,167.33,167.33,167.33,0
ING033,20141110,167.24,167.24,167.24,167.24,0
ING033,20141112,168.59,168.59,168.59,168.59,0
ING033,20141113,169.91,169.91,169.91,169.91,0
ING033,20141114,171.41,171.41,171.41,171.41,0
ING033,20141117,167.53,167.53,167.53,167.53,0
ING033,20141118,170.90,170.90,170.90,170.90,0
ING033,20141119,171.16,171.16,171.16,171.16,0
ING033,20141120,171.70,171.70,171.70,171.70,0
ING033,20141121,171.90,171.90,171.90,171.90,0
ING033,20141124,171.87,171.87,171.87,171.87,0
ING033,20141125,173.51,173.51,173.51,173.51,0
ING033,20141126,173.55,173.55,173.55,173.55,0
ING033,20141127,171.63,171.63,171.63,171.63,0
ING033,20141128,173.78,173.78,173.78,173.78,0
ING033,20141201,175.07,175.07,175.07,175.07,0
ING033,20141202,176.32,176.32,176.32,176.32,0
ING033,20141203,176.62,176.62,176.62,176.62,0
ING033,20141204,178.18,178.18,178.18,178.18,0
ING033,20141205,178.99,178.99,178.99,178.99,0
ING033,20141208,179.40,179.40,179.40,179.40,0
ING033,20141209,177.92,177.92,177.92,177.92,0
ING033,20141210,173.78,173.78,173.78,173.78,0
ING033,20141211,173.20,173.20,173.20,173.20,0
ING033,20141212,173.07,173.07,173.07,173.07,0
ING033,20141215,170.53,170.53,170.53,170.53,0
ING033,20141216,167.41,167.41,167.41,167.41,0
ING033,20141217,168.16,168.16,168.16,168.16,0
ING033,20141218,171.76,171.76,171.76,171.76,0
ING033,20141219,174.62,174.62,174.62,174.62,0
ING033,20141222,174.96,174.96,174.96,174.96,0
ING033,20141223,174.95,174.95,174.95,174.95,0
ING033,20141229,176.93,176.93,176.93,176.93,0
ING033,20141230,174.93,174.93,174.93,174.93,0
ING033,20150102,174.90,174.90,174.90,174.90,0
ING033,20150105,173.21,173.21,173.21,173.21,0
ING033,20150107,169.05,169.05,169.05,169.05,0
ING033,20150108,171.78,171.78,171.78,171.78,0
ING033,20150109,171.35,171.35,171.35,171.35,0
ING033,20150112,171.32,171.32,171.32,171.32,0
ING033,20150113,169.87,169.87,169.87,169.87,0
ING033,20150114,167.36,167.36,167.36,167.36,0
ING033,20150115,169.50,169.50,169.50,169.50,0
ING033,20150116,168.24,168.24,168.24,168.24,0
ING033,20150119,168.78,168.78,168.78,168.78,0
ING033,20150120,171.63,171.63,171.63,171.63,0
ING033,20150121,170.42,170.42,170.42,170.42,0
ING033,20150122,170.77,170.77,170.77,170.77,0
ING033,20150123,171.91,171.91,171.91,171.91,0
ING033,20150126,171.83,171.83,171.83,171.83,0
ING033,20150127,174.16,174.16,174.16,174.16,0
ING033,20150128,174.31,174.31,174.31,174.31,0
ING033,20150129,172.88,172.88,172.88,172.88,0
ING033,20150130,172.98,172.98,172.98,172.98,0
ING033,20150202,172.97,172.97,172.97,172.97,0
ING033,20150203,171.51,171.51,171.51,171.51,0
ING033,20150204,173.58,173.58,173.58,173.58,0
ING033,20150205,172.47,172.47,172.47,172.47,0
ING033,20150206,172.59,172.59,172.59,172.59,0
ING033,20150209,173.99,173.99,173.99,173.99,0
ING033,20150210,174.59,174.59,174.59,174.59,0
ING033,20150211,174.58,174.58,174.58,174.58,0
ING033,20150212,176.41,176.41,176.41,176.41,0
ING033,20150213,176.40,176.40,176.40,176.40,0
ING033,20150216,177.42,177.42,177.42,177.42,0
ING033,20150217,177.47,177.47,177.47,177.47,0
ING033,20150218,180.03,180.03,180.03,180.03,0
ING033,20150219,181.44,181.44,181.44,181.44,0
ING033,20150220,182.62,182.62,182.62,182.62,0
ING033,20150223,182.59,182.59,182.59,182.59,0
ING033,20150224,183.04,183.04,183.04,183.04,0
ING033,20150225,183.00,183.00,183.00,183.00,0
ING033,20150226,184.78,184.78,184.78,184.78,0
ING033,20150227,184.89,184.89,184.89,184.89,0
ING033,20150302,185.29,185.29,185.29,185.29,0
ING033,20150303,184.79,184.79,184.79,184.79,0
ING033,20150304,183.71,183.71,183.71,183.71,0
ING033,20150305,184.34,184.34,184.34,184.34,0
ING033,20150306,185.31,185.31,185.31,185.31,0
ING033,20150309,185.07,185.07,185.07,185.07,0
ING033,20150310,183.71,183.71,183.71,183.71,0
ING033,20150311,184.32,184.32,184.32,184.32,0
ING033,20150312,187.49,187.49,187.49,187.49,0
ING033,20150313,188.40,188.40,188.40,188.40,0
ING033,20150316,188.83,188.83,188.83,188.83,0
ING033,20150317,189.56,189.56,189.56,189.56,0
ING033,20150318,191.50,191.50,191.50,191.50,0
ING033,20150319,190.18,190.18,190.18,190.18,0
ING033,20150320,190.62,190.62,190.62,190.62,0
ING033,20150323,191.63,191.63,191.63,191.63,0
ING033,20150324,190.87,190.87,190.87,190.87,0
ING033,20150325,190.93,190.93,190.93,190.93,0
ING033,20150326,188.94,188.94,188.94,188.94,0
ING033,20150327,188.38,188.38,188.38,188.38,0
ING033,20150330,189.45,189.45,189.45,189.45,0
ING033,20150331,187.90,187.90,187.90,187.90,0
ING033,20150401,185.98,185.98,185.98,185.98,0
ING033,20150402,188.93,188.93,188.93,188.93,0
ING033,20150407,191.87,191.87,191.87,191.87,0
ING033,20150408,192.91,192.91,192.91,192.91,0
ING033,20150409,193.28,193.28,193.28,193.28,0
ING033,20150410,192.78,192.78,192.78,192.78,0
ING033,20150413,192.80,192.80,192.80,192.80,0
ING033,20150414,193.44,193.44,193.44,193.44,0
ING033,20150415,193.25,193.25,193.25,193.25,0
ING033,20150416,194.85,194.85,194.85,194.85,0
ING033,20150417,193.29,193.29,193.29,193.29,0
ING033,20150420,192.85,192.85,192.85,192.85,0
ING033,20150421,195.76,195.76,195.76,195.76,0
ING033,20150422,197.53,197.53,197.53,197.53,0
ING033,20150423,198.02,198.02,198.02,198.02,0
ING033,20150424,197.78,197.78,197.78,197.78,0
ING033,20150427,197.67,197.67,197.67,197.67,0
ING033,20150428,199.12,199.12,199.12,199.12,0
ING033,20150429,199.11,199.11,199.11,199.11,0
ING033,20150430,196.00,196.00,196.00,196.00,0
ING033,20150504,195.83,195.83,195.83,195.83,0
ING033,20150505,195.81,195.81,195.81,195.81,0
ING033,20150506,195.80,195.80,195.80,195.80,0
ING033,20150507,194.45,194.45,194.45,194.45,0
ING033,20150508,196.60,196.60,196.60,196.60,0
ING033,20150511,197.29,197.29,197.29,197.29,0
ING033,20150512,197.76,197.76,197.76,197.76,0
ING033,20150513,198.33,198.33,198.33,198.33,0
ING033,20150514,197.59,197.59,197.59,197.59,0
ING033,20150515,198.63,198.63,198.63,198.63,0
ING033,20150518,201.42,201.42,201.42,201.42,0
ING033,20150519,202.04,202.04,202.04,202.04,0
ING033,20150520,202.82,202.82,202.82,202.82,0
ING033,20150521,203.23,203.23,203.23,203.23,0
ING033,20150522,203.66,203.66,203.66,203.66,0
ING033,20150525,204.98,204.98,204.98,204.98,0
ING033,20150526,204.56,204.56,204.56,204.56,0
ING033,20150527,205.27,205.27,205.27,205.27,0
ING033,20150528,206.42,206.42,206.42,206.42,0
ING033,20150529,206.58,206.58,206.58,206.58,0
ING033,20150601,207.67,207.67,207.67,207.67,0
ING033,20150602,206.97,206.97,206.97,206.97,0
ING033,20150603,206.62,206.62,206.62,206.62,0
ING033,20150605,206.51,206.51,206.51,206.51,0
ING033,20150608,205.87,205.87,205.87,205.87,0
ING033,20150609,202.32,202.32,202.32,202.32,0
ING033,20150610,202.22,202.22,202.22,202.22,0
ING033,20150611,203.89,203.89,203.89,203.89,0
ING033,20150612,204.40,204.40,204.40,204.40,0
ING033,20150615,204.62,204.62,204.62,204.62,0
ING033,20150616,203.08,203.08,203.08,203.08,0
ING033,20150617,202.45,202.45,202.45,202.45,0
ING033,20150618,200.39,200.39,200.39,200.39,0
ING033,20150619,201.95,201.95,201.95,201.95,0
ING033,20150622,203.77,203.77,203.77,203.77,0
ING033,20150623,207.07,207.07,207.07,207.07,0
ING033,20150624,207.26,207.26,207.26,207.26,0
ING033,20150625,206.08,206.08,206.08,206.08,0
ING033,20150626,205.93,205.93,205.93,205.93,0
ING033,20150629,199.82,199.82,199.82,199.82,0
ING033,20150630,201.12,201.12,201.12,201.12,0
ING033,20150701,201.78,201.78,201.78,201.78,0
ING033,20150702,203.21,203.21,203.21,203.21,0
ING033,20150703,203.56,203.56,203.56,203.56,0
ING033,20150706,198.90,198.90,198.90,198.90,0
ING033,20150707,200.49,200.49,200.49,200.49,0
ING033,20150708,192.76,192.76,192.76,192.76,0
ING033,20150709,193.08,193.08,193.08,193.08,0
ING033,20150710,194.18,194.18,194.18,194.18,0
ING033,20150713,197.30,197.30,197.30,197.30,0
ING033,20150714,200.19,200.19,200.19,200.19,0
ING033,20150715,200.57,200.57,200.57,200.57,0
ING033,20150716,202.24,202.24,202.24,202.24,0
ING033,20150717,202.24,202.24,202.24,202.24,0
ING033,20150720,202.20,202.20,202.20,202.20,0
ING033,20150721,203.50,203.50,203.50,203.50,0
ING033,20150722,201.12,201.12,201.12,201.12,0
ING033,20150723,201.99,201.99,201.99,201.99,0
ING033,20150724,200.17,200.17,200.17,200.17,0
ING033,20150727,198.87,198.87,198.87,198.87,0
ING033,20150728,198.45,198.45,198.45,198.45,0
ING033,20150729,198.94,198.94,198.94,198.94,0
ING033,20150730,201.10,201.10,201.10,201.10,0
ING033,20150731,202.53,202.53,202.53,202.53,0
ING033,20150803,201.64,201.64,201.64,201.64,0
ING033,20150804,200.94,200.94,200.94,200.94,0
ING033,20150805,201.58,201.58,201.58,201.58,0
ING033,20150806,202.72,202.72,202.72,202.72,0
ING033,20150807,203.46,203.46,203.46,203.46,0
ING033,20150810,205.38,205.38,205.38,205.38,0
ING033,20150811,204.28,204.28,204.28,204.28,0
ING033,20150812,201.89,201.89,201.89,201.89,0
ING033,20150813,202.56,202.56,202.56,202.56,0
ING033,20150814,202.00,202.00,202.00,202.00,0
ING033,20150817,202.72,202.72,202.72,202.72,0
ING033,20150818,202.83,202.83,202.83,202.83,0
ING033,20150819,199.93,199.93,199.93,199.93,0
ING033,20150820,195.98,195.98,195.98,195.98,0
ING033,20150821,189.35,189.35,189.35,189.35,0
ING033,20150824,177.82,177.82,177.82,177.82,0
ING033,20150825,173.35,173.35,173.35,173.35,0
ING033,20150826,181.98,181.98,181.98,181.98,0
ING033,20150827,184.22,184.22,184.22,184.22,0
ING033,20150828,189.19,189.19,189.19,189.19,0
ING033,20150831,187.48,187.48,187.48,187.48,0
ING033,20150901,179.26,179.26,179.26,179.26,0
ING033,20150902,179.24,179.24,179.24,179.24,0
ING033,20150903,179.72,179.72,179.72,179.72,0
ING033,20150904,175.66,175.66,175.66,175.66,0
ING033,20150907,176.21,176.21,176.21,176.21,0
ING033,20150908,174.37,174.37,174.37,174.37,0
ING033,20150909,183.38,183.38,183.38,183.38,0
ING033,20150910,181.33,181.33,181.33,181.33,0
ING033,20150911,181.23,181.23,181.23,181.23,0
ING033,20150914,179.28,179.28,179.28,179.28,0
ING033,20150915,179.73,179.73,179.73,179.73,0
ING033,20150916,180.62,180.62,180.62,180.62,0
ING033,20150917,183.00,183.00,183.00,183.00,0
ING033,20150918,178.60,178.60,178.60,178.60,0
ING033,20150921,178.56,178.56,178.56,178.56,0
ING033,20150922,178.55,178.55,178.55,178.55,0
ING033,20150923,178.54,178.54,178.54,178.54,0
ING033,20150924,174.77,174.77,174.77,174.77,0
ING033,20150925,177.75,177.75,177.75,177.75,0
ING033,20150928,176.20,176.20,176.20,176.20,0
ING033,20150929,169.96,169.96,169.96,169.96,0
ING033,20150930,175.70,175.70,175.70,175.70,0
ING033,20151001,178.80,178.80,178.80,178.80,0
ING033,20151002,180.01,180.01,180.01,180.01,0
ING033,20151005,182.00,182.00,182.00,182.00,0
ING033,20151006,182.36,182.36,182.36,182.36,0
ING033,20151007,184.77,184.77,184.77,184.77,0
ING033,20151008,183.44,183.44,183.44,183.44,0
ING033,20151009,187.73,187.73,187.73,187.73,0
ING033,20151012,187.70,187.70,187.70,187.70,0
ING033,20151013,186.44,186.44,186.44,186.44,0
ING033,20151014,182.90,182.90,182.90,182.90,0
ING033,20151015,185.63,185.63,185.63,185.63,0
ING033,20151016,186.50,186.50,186.50,186.50,0
ING033,20151019,185.23,185.23,185.23,185.23,0
ING033,20151020,185.90,185.90,185.90,185.90,0
ING033,20151021,189.56,189.56,189.56,189.56,0
ING033,20151022,189.59,189.59,189.59,189.59,0
ING033,20151023,192.27,192.27,192.27,192.27,0
ING033,20151026,193.29,193.29,193.29,193.29,0
ING033,20151027,191.20,191.20,191.20,191.20,0
ING033,20151028,192.57,192.57,192.57,192.57,0
ING033,20151029,191.77,191.77,191.77,191.77,0
ING033,20151030,193.03,193.03,193.03,193.03,0
ING033,20151102,189.91,189.91,189.91,189.91,0
ING033,20151103,189.90,189.90,189.90,189.90,0
ING033,20151104,190.84,190.84,190.84,190.84,0
ING033,20151105,192.84,192.84,192.84,192.84,0
ING033,20151106,193.52,193.52,193.52,193.52,0
ING033,20151109,197.56,197.56,197.56,197.56,0
ING033,20151110,196.96,196.96,196.96,196.96,0
ING033,20151112,196.80,196.80,196.80,196.80,0
ING033,20151113,196.13,196.13,196.13,196.13,0
ING033,20151116,195.43,195.43,195.43,195.43,0
ING033,20151117,196.63,196.63,196.63,196.63,0
ING033,20151118,197.31,197.31,197.31,197.31,0
ING033,20151119,198.27,198.27,198.27,198.27,0
ING033,20151120,198.47,198.47,198.47,198.47,0
ING033,20151123,198.43,198.43,198.43,198.43,0
ING033,20151124,198.97,198.97,198.97,198.97,0
ING033,20151125,197.19,197.19,197.19,197.19,0
ING033,20151126,197.88,197.88,197.88,197.88,0
ING033,20151127,196.89,196.89,196.89,196.89,0
ING033,20151130,195.30,195.30,195.30,195.30,0
ING033,20151201,198.81,198.81,198.81,198.81,0
ING033,20151202,197.77,197.77,197.77,197.77,0
ING033,20151203,197.67,197.67,197.67,197.67,0
ING033,20151204,196.02,196.02,196.02,196.02,0
ING033,20151207,196.23,196.23,196.23,196.23,0
ING033,20151208,194.22,194.22,194.22,194.22,0
ING033,20151209,192.43,192.43,192.43,192.43,0
ING033,20151210,190.60,190.60,190.60,190.60,0
ING033,20151211,190.79,190.79,190.79,190.79,0
ING033,20151214,189.10,189.10,189.10,189.10,0
ING033,20151215,186.51,186.51,186.51,186.51,0
ING033,20151216,191.38,191.38,191.38,191.38,0
ING033,20151217,192.70,192.70,192.70,192.70,0
ING033,20151218,189.14,189.14,189.14,189.14,0
ING033,20151221,189.09,189.09,189.09,189.09,0
ING033,20151222,189.63,189.63,189.63,189.63,0
ING033,20151223,189.62,189.62,189.62,189.62,0
ING033,20151228,188.97,188.97,188.97,188.97,0
ING033,20151229,191.29,191.29,191.29,191.29,0
ING033,20151230,190.68,190.68,190.68,190.68,0
ING033,20160104,185.43,185.43,185.43,185.43,0
ING033,20160105,185.61,185.61,185.61,185.61,0
ING033,20160107,178.11,178.11,178.11,178.11,0
ING033,20160108,177.30,177.30,177.30,177.30,0
ING033,20160111,177.27,177.27,177.27,177.27,0
ING033,20160112,172.19,172.19,172.19,172.19,0
ING033,20160113,175.84,175.84,175.84,175.84,0
ING033,20160114,173.49,173.49,173.49,173.49,0
ING033,20160115,171.24,171.24,171.24,171.24,0
ING033,20160118,170.57,170.57,170.57,170.57,0
ING033,20160119,171.08,171.08,171.08,171.08,0
ING033,20160120,163.81,163.81,163.81,163.81,0
ING033,20160121,159.75,159.75,159.75,159.75,0
ING033,20160122,169.47,169.47,169.47,169.47,0
ING033,20160125,169.82,169.82,169.82,169.82,0
ING033,20160126,166.77,166.77,166.77,166.77,0
ING033,20160127,170.51,170.51,170.51,170.51,0
ING033,20160128,169.73,169.73,169.73,169.73,0
ING033,20160129,175.63,175.63,175.63,175.63,0
ING033,20160201,177.89,177.89,177.89,177.89,0
ING033,20160202,174.90,174.90,174.90,174.90,0
ING033,20160203,170.37,170.37,170.37,170.37,0
ING033,20160204,168.23,168.23,168.23,168.23,0
ING033,20160205,164.64,164.64,164.64,164.64,0
ING033,20160208,165.69,165.69,165.69,165.69,0
ING033,20160209,156.93,156.93,156.93,156.93,0
ING033,20160210,151.84,151.84,151.84,151.84,0
