Name,Date,Open,High,Low,Close,Volume
IPO064,20111206,100.19,100.19,100.19,100.19,0
IPO064,20111207,100.20,100.20,100.20,100.20,0
IPO064,20111208,100.20,100.20,100.20,100.20,0
IPO064,20111209,100.41,100.41,100.41,100.41,0
IPO064,20111212,100.44,100.44,100.44,100.44,0
IPO064,20111213,100.44,100.44,100.44,100.44,0
IPO064,20111214,100.46,100.46,100.46,100.46,0
IPO064,20111215,100.54,100.54,100.54,100.54,0
IPO064,20111216,100.52,100.52,100.52,100.52,0
IPO064,20111219,100.54,100.54,100.54,100.54,0
IPO064,20111220,100.79,100.79,100.79,100.79,0
IPO064,20111221,100.80,100.80,100.80,100.80,0
IPO064,20111222,100.80,100.80,100.80,100.80,0
IPO064,20111223,100.85,100.85,100.85,100.85,0
IPO064,20111227,100.92,100.92,100.92,100.92,0
IPO064,20111228,100.94,100.94,100.94,100.94,0
IPO064,20111229,100.94,100.94,100.94,100.94,0
IPO064,20111230,100.96,100.96,100.96,100.96,0
IPO064,20120102,100.99,100.99,100.99,100.99,0
IPO064,20120103,101.03,101.03,101.03,101.03,0
IPO064,20120104,101.04,101.04,101.04,101.04,0
IPO064,20120105,101.15,101.15,101.15,101.15,0
IPO064,20120109,101.18,101.18,101.18,101.18,0
IPO064,20120110,101.26,101.26,101.26,101.26,0
IPO064,20120111,101.27,101.27,101.27,101.27,0
IPO064,20120112,101.33,101.33,101.33,101.33,0
IPO064,20120113,101.36,101.36,101.36,101.36,0
IPO064,20120116,101.43,101.43,101.43,101.43,0
IPO064,20120117,101.61,101.61,101.61,101.61,0
IPO064,20120118,101.66,101.66,101.66,101.66,0
IPO064,20120119,101.71,101.71,101.71,101.71,0
IPO064,20120120,101.85,101.85,101.85,101.85,0
IPO064,20120123,101.95,101.95,101.95,101.95,0
IPO064,20120124,101.95,101.95,101.95,101.95,0
IPO064,20120125,101.98,101.98,101.98,101.98,0
IPO064,20120126,102.45,102.45,102.45,102.45,0
IPO064,20120127,102.46,102.46,102.46,102.46,0
IPO064,20120130,102.52,102.52,102.52,102.52,0
IPO064,20120131,102.53,102.53,102.53,102.53,0
IPO064,20120201,102.81,102.81,102.81,102.81,0
IPO064,20120202,103.11,103.11,103.11,103.11,0
IPO064,20120203,103.06,103.06,103.06,103.06,0
IPO064,20120206,103.06,103.06,103.06,103.06,0
IPO064,20120207,103.06,103.06,103.06,103.06,0
IPO064,20120208,103.08,103.08,103.08,103.08,0
IPO064,20120209,103.14,103.14,103.14,103.14,0
IPO064,20120210,103.24,103.24,103.24,103.24,0
IPO064,20120213,103.27,103.27,103.27,103.27,0
IPO064,20120214,103.29,103.29,103.29,103.29,0
IPO064,20120215,103.30,103.30,103.30,103.30,0
IPO064,20120216,103.33,103.33,103.33,103.33,0
IPO064,20120217,103.34,103.34,103.34,103.34,0
IPO064,20120220,103.37,103.37,103.37,103.37,0
IPO064,20120221,103.35,103.35,103.35,103.35,0
IPO064,20120222,103.35,103.35,103.35,103.35,0
IPO064,20120223,103.35,103.35,103.35,103.35,0
IPO064,20120224,103.35,103.35,103.35,103.35,0
IPO064,20120227,103.45,103.45,103.45,103.45,0
IPO064,20120228,103.58,103.58,103.58,103.58,0
IPO064,20120229,103.77,103.77,103.77,103.77,0
IPO064,20120301,103.80,103.80,103.80,103.80,0
IPO064,20120302,103.80,103.80,103.80,103.80,0
IPO064,20120305,103.90,103.90,103.90,103.90,0
IPO064,20120306,103.89,103.89,103.89,103.89,0
IPO064,20120307,103.89,103.89,103.89,103.89,0
IPO064,20120308,103.97,103.97,103.97,103.97,0
IPO064,20120309,104.09,104.09,104.09,104.09,0
IPO064,20120312,104.13,104.13,104.13,104.13,0
IPO064,20120313,104.15,104.15,104.15,104.15,0
IPO064,20120314,104.15,104.15,104.15,104.15,0
IPO064,20120315,104.15,104.15,104.15,104.15,0
IPO064,20120316,104.14,104.14,104.14,104.14,0
IPO064,20120319,104.25,104.25,104.25,104.25,0
IPO064,20120320,104.26,104.26,104.26,104.26,0
IPO064,20120321,104.25,104.25,104.25,104.25,0
IPO064,20120322,104.34,104.34,104.34,104.34,0
IPO064,20120323,104.38,104.38,104.38,104.38,0
IPO064,20120326,104.43,104.43,104.43,104.43,0
IPO064,20120327,104.46,104.46,104.46,104.46,0
IPO064,20120328,104.51,104.51,104.51,104.51,0
IPO064,20120329,104.56,104.56,104.56,104.56,0
IPO064,20120330,104.75,104.75,104.75,104.75,0
IPO064,20120402,104.89,104.89,104.89,104.89,0
IPO064,20120403,104.93,104.93,104.93,104.93,0
IPO064,20120404,104.93,104.93,104.93,104.93,0
IPO064,20120405,104.90,104.90,104.90,104.90,0
IPO064,20120410,104.95,104.95,104.95,104.95,0
IPO064,20120411,105.02,105.02,105.02,105.02,0
IPO064,20120412,105.04,105.04,105.04,105.04,0
IPO064,20120413,105.01,105.01,105.01,105.01,0
IPO064,20120416,105.01,105.01,105.01,105.01,0
IPO064,20120417,105.02,105.02,105.02,105.02,0
IPO064,20120418,105.04,105.04,105.04,105.04,0
IPO064,20120419,105.16,105.16,105.16,105.16,0
IPO064,20120420,105.25,105.25,105.25,105.25,0
IPO064,20120423,105.29,105.29,105.29,105.29,0
IPO064,20120424,105.38,105.38,105.38,105.38,0
IPO064,20120425,105.45,105.45,105.45,105.45,0
IPO064,20120426,105.49,105.49,105.49,105.49,0
IPO064,20120427,105.48,105.48,105.48,105.48,0
IPO064,20120430,105.51,105.51,105.51,105.51,0
IPO064,20120502,105.56,105.56,105.56,105.56,0
IPO064,20120504,105.65,105.65,105.65,105.65,0
IPO064,20120507,105.67,105.67,105.67,105.67,0
IPO064,20120508,105.54,105.54,105.54,105.54,0
IPO064,20120509,105.51,105.51,105.51,105.51,0
IPO064,20120510,105.49,105.49,105.49,105.49,0
IPO064,20120511,105.48,105.48,105.48,105.48,0
IPO064,20120514,105.43,105.43,105.43,105.43,0
IPO064,20120515,105.47,105.47,105.47,105.47,0
IPO064,20120516,105.64,105.64,105.64,105.64,0
IPO064,20120517,105.52,105.52,105.52,105.52,0
IPO064,20120518,105.69,105.69,105.69,105.69,0
IPO064,20120521,105.86,105.86,105.86,105.86,0
IPO064,20120522,105.91,105.91,105.91,105.91,0
IPO064,20120523,105.76,105.76,105.76,105.76,0
IPO064,20120524,105.95,105.95,105.95,105.95,0
IPO064,20120525,106.01,106.01,106.01,106.01,0
IPO064,20120528,106.08,106.08,106.08,106.08,0
IPO064,20120529,106.17,106.17,106.17,106.17,0
IPO064,20120530,106.07,106.07,106.07,106.07,0
IPO064,20120531,106.12,106.12,106.12,106.12,0
IPO064,20120601,106.25,106.25,106.25,106.25,0
IPO064,20120604,106.31,106.31,106.31,106.31,0
IPO064,20120605,106.36,106.36,106.36,106.36,0
IPO064,20120606,106.40,106.40,106.40,106.40,0
IPO064,20120608,106.52,106.52,106.52,106.52,0
IPO064,20120611,106.54,106.54,106.54,106.54,0
IPO064,20120612,106.52,106.52,106.52,106.52,0
IPO064,20120613,106.65,106.65,106.65,106.65,0
IPO064,20120614,106.65,106.65,106.65,106.65,0
IPO064,20120615,106.75,106.75,106.75,106.75,0
IPO064,20120618,106.76,106.76,106.76,106.76,0
IPO064,20120619,106.79,106.79,106.79,106.79,0
IPO064,20120620,106.81,106.81,106.81,106.81,0
IPO064,20120621,106.90,106.90,106.90,106.90,0
IPO064,20120622,106.95,106.95,106.95,106.95,0
IPO064,20120625,107.01,107.01,107.01,107.01,0
IPO064,20120626,107.01,107.01,107.01,107.01,0
IPO064,20120627,107.02,107.02,107.02,107.02,0
IPO064,20120628,107.10,107.10,107.10,107.10,0
IPO064,20120629,107.14,107.14,107.14,107.14,0
IPO064,20120702,107.17,107.17,107.17,107.17,0
IPO064,20120703,107.21,107.21,107.21,107.21,0
IPO064,20120704,107.33,107.33,107.33,107.33,0
IPO064,20120705,107.36,107.36,107.36,107.36,0
IPO064,20120706,107.43,107.43,107.43,107.43,0
IPO064,20120709,107.45,107.45,107.45,107.45,0
IPO064,20120710,107.48,107.48,107.48,107.48,0
IPO064,20120711,107.49,107.49,107.49,107.49,0
IPO064,20120712,107.67,107.67,107.67,107.67,0
IPO064,20120713,107.84,107.84,107.84,107.84,0
IPO064,20120716,107.75,107.75,107.75,107.75,0
IPO064,20120717,107.82,107.82,107.82,107.82,0
IPO064,20120718,107.89,107.89,107.89,107.89,0
IPO064,20120719,107.94,107.94,107.94,107.94,0
IPO064,20120720,107.91,107.91,107.91,107.91,0
IPO064,20120723,108.01,108.01,108.01,108.01,0
IPO064,20120724,107.98,107.98,107.98,107.98,0
IPO064,20120725,108.04,108.04,108.04,108.04,0
IPO064,20120726,108.05,108.05,108.05,108.05,0
IPO064,20120727,108.06,108.06,108.06,108.06,0
IPO064,20120730,108.16,108.16,108.16,108.16,0
IPO064,20120731,108.23,108.23,108.23,108.23,0
IPO064,20120801,108.30,108.30,108.30,108.30,0
IPO064,20120802,108.31,108.31,108.31,108.31,0
IPO064,20120803,107.94,107.94,107.94,107.94,0
IPO064,20120806,108.09,108.09,108.09,108.09,0
IPO064,20120807,107.75,107.75,107.75,107.75,0
IPO064,20120808,108.09,108.09,108.09,108.09,0
IPO064,20120809,108.13,108.13,108.13,108.13,0
IPO064,20120810,108.11,108.11,108.11,108.11,0
IPO064,20120813,108.14,108.14,108.14,108.14,0
IPO064,20120814,108.14,108.14,108.14,108.14,0
IPO064,20120816,108.17,108.17,108.17,108.17,0
IPO064,20120817,108.17,108.17,108.17,108.17,0
IPO064,20120820,108.20,108.20,108.20,108.20,0
IPO064,20120821,108.23,108.23,108.23,108.23,0
IPO064,20120822,108.23,108.23,108.23,108.23,0
IPO064,20120823,108.26,108.26,108.26,108.26,0
IPO064,20120824,108.27,108.27,108.27,108.27,0
IPO064,20120827,108.30,108.30,108.30,108.30,0
IPO064,20120828,108.32,108.32,108.32,108.32,0
IPO064,20120829,108.32,108.32,108.32,108.32,0
IPO064,20120830,108.33,108.33,108.33,108.33,0
IPO064,20120831,108.35,108.35,108.35,108.35,0
IPO064,20120903,108.38,108.38,108.38,108.38,0
IPO064,20120904,108.39,108.39,108.39,108.39,0
IPO064,20120905,108.40,108.40,108.40,108.40,0
IPO064,20120906,108.41,108.41,108.41,108.41,0
IPO064,20120907,108.41,108.41,108.41,108.41,0
IPO064,20120910,108.44,108.44,108.44,108.44,0
IPO064,20120911,108.46,108.46,108.46,108.46,0
IPO064,20120912,108.43,108.43,108.43,108.43,0
IPO064,20120913,108.45,108.45,108.45,108.45,0
IPO064,20120914,108.43,108.43,108.43,108.43,0
IPO064,20120917,108.45,108.45,108.45,108.45,0
IPO064,20120918,108.46,108.46,108.46,108.46,0
IPO064,20120919,108.46,108.46,108.46,108.46,0
IPO064,20120920,108.47,108.47,108.47,108.47,0
IPO064,20120921,108.48,108.48,108.48,108.48,0
IPO064,20120924,108.52,108.52,108.52,108.52,0
IPO064,20120925,108.51,108.51,108.51,108.51,0
IPO064,20120926,108.54,108.54,108.54,108.54,0
IPO064,20120927,108.54,108.54,108.54,108.54,0
IPO064,20120928,108.56,108.56,108.56,108.56,0
IPO064,20121001,108.59,108.59,108.59,108.59,0
IPO064,20121002,108.60,108.60,108.60,108.60,0
IPO064,20121003,108.61,108.61,108.61,108.61,0
IPO064,20121004,108.63,108.63,108.63,108.63,0
IPO064,20121005,108.62,108.62,108.62,108.62,0
IPO064,20121008,108.67,108.67,108.67,108.67,0
IPO064,20121009,108.67,108.67,108.67,108.67,0
IPO064,20121010,108.70,108.70,108.70,108.70,0
IPO064,20121011,108.72,108.72,108.72,108.72,0
IPO064,20121012,108.72,108.72,108.72,108.72,0
IPO064,20121015,108.74,108.74,108.74,108.74,0
IPO064,20121016,108.76,108.76,108.76,108.76,0
IPO064,20121017,108.81,108.81,108.81,108.81,0
IPO064,20121018,108.86,108.86,108.86,108.86,0
IPO064,20121019,108.87,108.87,108.87,108.87,0
IPO064,20121022,108.93,108.93,108.93,108.93,0
IPO064,20121023,108.92,108.92,108.92,108.92,0
IPO064,20121024,108.95,108.95,108.95,108.95,0
IPO064,20121025,108.95,108.95,108.95,108.95,0
IPO064,20121026,108.97,108.97,108.97,108.97,0
IPO064,20121029,109.00,109.00,109.00,109.00,0
IPO064,20121030,109.03,109.03,109.03,109.03,0
IPO064,20121031,109.03,109.03,109.03,109.03,0
IPO064,20121102,109.07,109.07,109.07,109.07,0
IPO064,20121105,109.10,109.10,109.10,109.10,0
IPO064,20121106,109.13,109.13,109.13,109.13,0
IPO064,20121107,109.17,109.17,109.17,109.17,0
IPO064,20121108,109.17,109.17,109.17,109.17,0
IPO064,20121109,109.16,109.16,109.16,109.16,0
IPO064,20121112,109.21,109.21,109.21,109.21,0
IPO064,20121113,109.21,109.21,109.21,109.21,0
IPO064,20121114,109.24,109.24,109.24,109.24,0
IPO064,20121115,109.23,109.23,109.23,109.23,0
IPO064,20121116,109.24,109.24,109.24,109.24,0
IPO064,20121119,109.34,109.34,109.34,109.34,0
IPO064,20121120,109.49,109.49,109.49,109.49,0
IPO064,20121121,109.48,109.48,109.48,109.48,0
IPO064,20121122,109.53,109.53,109.53,109.53,0
IPO064,20121123,109.54,109.54,109.54,109.54,0
IPO064,20121126,109.59,109.59,109.59,109.59,0
IPO064,20121127,109.60,109.60,109.60,109.60,0
IPO064,20121128,109.62,109.62,109.62,109.62,0
IPO064,20121129,109.63,109.63,109.63,109.63,0
IPO064,20121130,109.64,109.64,109.64,109.64,0
IPO064,20121203,109.60,109.60,109.60,109.60,0
IPO064,20121204,109.66,109.66,109.66,109.66,0
IPO064,20121205,109.67,109.67,109.67,109.67,0
IPO064,20121206,109.72,109.72,109.72,109.72,0
IPO064,20121207,109.76,109.76,109.76,109.76,0
IPO064,20121210,109.75,109.75,109.75,109.75,0
IPO064,20121211,109.77,109.77,109.77,109.77,0
IPO064,20121212,109.79,109.79,109.79,109.79,0
IPO064,20121213,109.80,109.80,109.80,109.80,0
IPO064,20121214,109.80,109.80,109.80,109.80,0
IPO064,20121217,109.84,109.84,109.84,109.84,0
IPO064,20121218,109.84,109.84,109.84,109.84,0
IPO064,20121219,109.86,109.86,109.86,109.86,0
IPO064,20121220,109.86,109.86,109.86,109.86,0
IPO064,20121221,109.89,109.89,109.89,109.89,0
IPO064,20121227,109.98,109.98,109.98,109.98,0
IPO064,20121228,109.99,109.99,109.99,109.99,0
IPO064,20130102,110.03,110.03,110.03,110.03,0
IPO064,20130103,110.05,110.05,110.05,110.05,0
IPO064,20130104,110.05,110.05,110.05,110.05,0
IPO064,20130107,110.09,110.09,110.09,110.09,0
IPO064,20130108,110.10,110.10,110.10,110.10,0
IPO064,20130109,110.12,110.12,110.12,110.12,0
IPO064,20130110,110.12,110.12,110.12,110.12,0
IPO064,20130111,110.10,110.10,110.10,110.10,0
IPO064,20130114,110.13,110.13,110.13,110.13,0
IPO064,20130115,110.14,110.14,110.14,110.14,0
IPO064,20130116,110.11,110.11,110.11,110.11,0
IPO064,20130117,110.12,110.12,110.12,110.12,0
IPO064,20130118,110.13,110.13,110.13,110.13,0
IPO064,20130121,110.21,110.21,110.21,110.21,0
IPO064,20130122,110.19,110.19,110.19,110.19,0
IPO064,20130123,110.27,110.27,110.27,110.27,0
IPO064,20130124,110.30,110.30,110.30,110.30,0
IPO064,20130125,110.32,110.32,110.32,110.32,0
IPO064,20130128,110.33,110.33,110.33,110.33,0
IPO064,20130129,110.35,110.35,110.35,110.35,0
IPO064,20130130,110.36,110.36,110.36,110.36,0
IPO064,20130131,110.38,110.38,110.38,110.38,0
IPO064,20130201,110.58,110.58,110.58,110.58,0
IPO064,20130204,110.64,110.64,110.64,110.64,0
IPO064,20130205,110.60,110.60,110.60,110.60,0
IPO064,20130206,110.61,110.61,110.61,110.61,0
IPO064,20130207,110.64,110.64,110.64,110.64,0
IPO064,20130208,110.73,110.73,110.73,110.73,0
IPO064,20130211,110.76,110.76,110.76,110.76,0
IPO064,20130212,110.78,110.78,110.78,110.78,0
IPO064,20130213,110.79,110.79,110.79,110.79,0
IPO064,20130214,110.81,110.81,110.81,110.81,0
IPO064,20130215,110.81,110.81,110.81,110.81,0
IPO064,20130218,110.84,110.84,110.84,110.84,0
IPO064,20130219,110.85,110.85,110.85,110.85,0
IPO064,20130221,110.88,110.88,110.88,110.88,0
IPO064,20130222,110.80,110.80,110.80,110.80,0
IPO064,20130225,110.94,110.94,110.94,110.94,0
IPO064,20130226,110.95,110.95,110.95,110.95,0
IPO064,20130227,110.97,110.97,110.97,110.97,0
IPO064,20130228,110.99,110.99,110.99,110.99,0
IPO064,20130301,111.00,111.00,111.00,111.00,0
IPO064,20130304,111.03,111.03,111.03,111.03,0
IPO064,20130305,111.03,111.03,111.03,111.03,0
IPO064,20130306,111.20,111.20,111.20,111.20,0
IPO064,20130307,111.24,111.24,111.24,111.24,0
IPO064,20130308,111.24,111.24,111.24,111.24,0
IPO064,20130311,111.26,111.26,111.26,111.26,0
IPO064,20130312,111.29,111.29,111.29,111.29,0
IPO064,20130313,111.50,111.50,111.50,111.50,0
IPO064,20130314,111.76,111.76,111.76,111.76,0
IPO064,20130315,111.79,111.79,111.79,111.79,0
IPO064,20130318,111.78,111.78,111.78,111.78,0
IPO064,20130319,111.73,111.73,111.73,111.73,0
IPO064,20130320,111.82,111.82,111.82,111.82,0
IPO064,20130321,111.79,111.79,111.79,111.79,0
IPO064,20130322,111.81,111.81,111.81,111.81,0
IPO064,20130325,111.76,111.76,111.76,111.76,0
IPO064,20130326,111.80,111.80,111.80,111.80,0
IPO064,20130327,111.74,111.74,111.74,111.74,0
IPO064,20130328,111.73,111.73,111.73,111.73,0
IPO064,20130402,111.82,111.82,111.82,111.82,0
IPO064,20130403,111.75,111.75,111.75,111.75,0
IPO064,20130404,111.58,111.58,111.58,111.58,0
IPO064,20130405,111.34,111.34,111.34,111.34,0
IPO064,20130408,111.33,111.33,111.33,111.33,0
IPO064,20130409,111.54,111.54,111.54,111.54,0
IPO064,20130410,111.63,111.63,111.63,111.63,0
IPO064,20130411,111.64,111.64,111.64,111.64,0
IPO064,20130412,111.64,111.64,111.64,111.64,0
IPO064,20130415,111.65,111.65,111.65,111.65,0
IPO064,20130417,111.68,111.68,111.68,111.68,0
IPO064,20130418,111.70,111.70,111.70,111.70,0
IPO064,20130419,111.71,111.71,111.71,111.71,0
IPO064,20130422,111.73,111.73,111.73,111.73,0
IPO064,20130423,111.74,111.74,111.74,111.74,0
IPO064,20130424,111.75,111.75,111.75,111.75,0
IPO064,20130425,111.77,111.77,111.77,111.77,0
IPO064,20130426,111.76,111.76,111.76,111.76,0
IPO064,20130429,111.77,111.77,111.77,111.77,0
IPO064,20130430,111.80,111.80,111.80,111.80,0
IPO064,20130502,111.79,111.79,111.79,111.79,0
IPO064,20130506,111.85,111.85,111.85,111.85,0
IPO064,20130507,111.86,111.86,111.86,111.86,0
IPO064,20130508,112.06,112.06,112.06,112.06,0
IPO064,20130509,112.08,112.08,112.08,112.08,0
IPO064,20130510,112.08,112.08,112.08,112.08,0
IPO064,20130513,112.10,112.10,112.10,112.10,0
IPO064,20130514,112.26,112.26,112.26,112.26,0
IPO064,20130515,112.26,112.26,112.26,112.26,0
IPO064,20130516,112.38,112.38,112.38,112.38,0
IPO064,20130517,112.43,112.43,112.43,112.43,0
IPO064,20130520,112.44,112.44,112.44,112.44,0
IPO064,20130521,112.47,112.47,112.47,112.47,0
IPO064,20130522,112.69,112.69,112.69,112.69,0
IPO064,20130523,112.59,112.59,112.59,112.59,0
IPO064,20130524,112.69,112.69,112.69,112.69,0
IPO064,20130527,112.68,112.68,112.68,112.68,0
IPO064,20130528,112.82,112.82,112.82,112.82,0
IPO064,20130529,112.77,112.77,112.77,112.77,0
IPO064,20130531,112.88,112.88,112.88,112.88,0
IPO064,20130603,113.02,113.02,113.02,113.02,0
IPO064,20130604,113.08,113.08,113.08,113.08,0
IPO064,20130605,113.14,113.14,113.14,113.14,0
IPO064,20130606,112.68,112.68,112.68,112.68,0
IPO064,20130607,112.73,112.73,112.73,112.73,0
IPO064,20130610,112.16,112.16,112.16,112.16,0
IPO064,20130611,111.95,111.95,111.95,111.95,0
IPO064,20130612,112.12,112.12,112.12,112.12,0
IPO064,20130613,112.71,112.71,112.71,112.71,0
IPO064,20130614,113.58,113.58,113.58,113.58,0
IPO064,20130617,113.41,113.41,113.41,113.41,0
IPO064,20130618,113.17,113.17,113.17,113.17,0
IPO064,20130619,113.40,113.40,113.40,113.40,0
IPO064,20130620,111.83,111.83,111.83,111.83,0
IPO064,20130621,111.24,111.24,111.24,111.24,0
IPO064,20130624,110.57,110.57,110.57,110.57,0
IPO064,20130625,111.28,111.28,111.28,111.28,0
IPO064,20130626,111.47,111.47,111.47,111.47,0
IPO064,20130627,112.04,112.04,112.04,112.04,0
IPO064,20130628,111.96,111.96,111.96,111.96,0
IPO064,20130701,111.99,111.99,111.99,111.99,0
IPO064,20130702,112.46,112.46,112.46,112.46,0
IPO064,20130703,112.52,112.52,112.52,112.52,0
IPO064,20130704,112.72,112.72,112.72,112.72,0
IPO064,20130705,112.65,112.65,112.65,112.65,0
IPO064,20130708,112.75,112.75,112.75,112.75,0
IPO064,20130709,112.92,112.92,112.92,112.92,0
IPO064,20130710,112.90,112.90,112.90,112.90,0
IPO064,20130711,112.93,112.93,112.93,112.93,0
IPO064,20130712,112.92,112.92,112.92,112.92,0
IPO064,20130715,112.96,112.96,112.96,112.96,0
IPO064,20130716,112.97,112.97,112.97,112.97,0
IPO064,20130717,112.98,112.98,112.98,112.98,0
IPO064,20130718,113.00,113.00,113.00,113.00,0
IPO064,20130719,113.10,113.10,113.10,113.10,0
IPO064,20130722,113.11,113.11,113.11,113.11,0
IPO064,20130723,113.14,113.14,113.14,113.14,0
IPO064,20130724,113.12,113.12,113.12,113.12,0
IPO064,20130725,113.14,113.14,113.14,113.14,0
IPO064,20130726,113.17,113.17,113.17,113.17,0
IPO064,20130729,113.19,113.19,113.19,113.19,0
IPO064,20130730,113.20,113.20,113.20,113.20,0
IPO064,20130731,113.11,113.11,113.11,113.11,0
IPO064,20130801,113.13,113.13,113.13,113.13,0
IPO064,20130802,113.42,113.42,113.42,113.42,0
IPO064,20130805,113.37,113.37,113.37,113.37,0
IPO064,20130806,113.36,113.36,113.36,113.36,0
IPO064,20130807,113.52,113.52,113.52,113.52,0
IPO064,20130808,113.60,113.60,113.60,113.60,0
IPO064,20130809,113.61,113.61,113.61,113.61,0
IPO064,20130812,113.60,113.60,113.60,113.60,0
IPO064,20130813,113.17,113.17,113.17,113.17,0
IPO064,20130814,112.98,112.98,112.98,112.98,0
IPO064,20130816,112.84,112.84,112.84,112.84,0
IPO064,20130819,112.28,112.28,112.28,112.28,0
IPO064,20130820,112.68,112.68,112.68,112.68,0
IPO064,20130821,112.54,112.54,112.54,112.54,0
IPO064,20130822,112.15,112.15,112.15,112.15,0
IPO064,20130823,112.35,112.35,112.35,112.35,0
IPO064,20130826,112.70,112.70,112.70,112.70,0
IPO064,20130827,112.84,112.84,112.84,112.84,0
IPO064,20130828,112.54,112.54,112.54,112.54,0
IPO064,20130829,112.62,112.62,112.62,112.62,0
IPO064,20130830,112.78,112.78,112.78,112.78,0
IPO064,20130902,112.64,112.64,112.64,112.64,0
IPO064,20130903,112.00,112.00,112.00,112.00,0
IPO064,20130904,111.69,111.69,111.69,111.69,0
IPO064,20130905,111.05,111.05,111.05,111.05,0
IPO064,20130906,111.34,111.34,111.34,111.34,0
IPO064,20130909,111.83,111.83,111.83,111.83,0
IPO064,20130910,112.03,112.03,112.03,112.03,0
IPO064,20130911,112.81,112.81,112.81,112.81,0
IPO064,20130912,112.90,112.90,112.90,112.90,0
IPO064,20130913,112.96,112.96,112.96,112.96,0
IPO064,20130916,113.02,113.02,113.02,113.02,0
IPO064,20130917,113.30,113.30,113.30,113.30,0
IPO064,20130918,113.38,113.38,113.38,113.38,0
IPO064,20130919,114.02,114.02,114.02,114.02,0
IPO064,20130920,113.61,113.61,113.61,113.61,0
IPO064,20130923,114.13,114.13,114.13,114.13,0
IPO064,20130924,114.08,114.08,114.08,114.08,0
IPO064,20130925,114.12,114.12,114.12,114.12,0
IPO064,20130926,114.03,114.03,114.03,114.03,0
IPO064,20130927,114.07,114.07,114.07,114.07,0
IPO064,20130930,114.05,114.05,114.05,114.05,0
IPO064,20131001,114.15,114.15,114.15,114.15,0
IPO064,20131002,114.29,114.29,114.29,114.29,0
IPO064,20131003,114.37,114.37,114.37,114.37,0
IPO064,20131004,114.36,114.36,114.36,114.36,0
IPO064,20131007,114.41,114.41,114.41,114.41,0
IPO064,20131008,114.43,114.43,114.43,114.43,0
IPO064,20131009,114.49,114.49,114.49,114.49,0
IPO064,20131010,114.51,114.51,114.51,114.51,0
IPO064,20131011,114.55,114.55,114.55,114.55,0
IPO064,20131014,114.55,114.55,114.55,114.55,0
IPO064,20131015,114.62,114.62,114.62,114.62,0
IPO064,20131016,114.63,114.63,114.63,114.63,0
IPO064,20131017,114.70,114.70,114.70,114.70,0
IPO064,20131018,114.75,114.75,114.75,114.75,0
IPO064,20131021,114.83,114.83,114.83,114.83,0
IPO064,20131022,115.08,115.08,115.08,115.08,0
IPO064,20131023,115.30,115.30,115.30,115.30,0
IPO064,20131024,115.65,115.65,115.65,115.65,0
IPO064,20131025,115.50,115.50,115.50,115.50,0
IPO064,20131028,115.60,115.60,115.60,115.60,0
IPO064,20131029,115.58,115.58,115.58,115.58,0
IPO064,20131030,115.61,115.61,115.61,115.61,0
IPO064,20131031,115.62,115.62,115.62,115.62,0
IPO064,20131104,115.62,115.62,115.62,115.62,0
IPO064,20131105,115.21,115.21,115.21,115.21,0
IPO064,20131106,115.16,115.16,115.16,115.16,0
IPO064,20131107,115.50,115.50,115.50,115.50,0
IPO064,20131108,115.28,115.28,115.28,115.28,0
IPO064,20131112,115.28,115.28,115.28,115.28,0
IPO064,20131113,115.27,115.27,115.27,115.27,0
IPO064,20131114,115.41,115.41,115.41,115.41,0
IPO064,20131115,115.40,115.40,115.40,115.40,0
IPO064,20131118,115.44,115.44,115.44,115.44,0
IPO064,20131119,115.29,115.29,115.29,115.29,0
IPO064,20131120,115.24,115.24,115.24,115.24,0
IPO064,20131121,115.27,115.27,115.27,115.27,0
IPO064,20131122,115.29,115.29,115.29,115.29,0
IPO064,20131125,115.33,115.33,115.33,115.33,0
IPO064,20131126,115.31,115.31,115.31,115.31,0
IPO064,20131127,114.92,114.92,114.92,114.92,0
IPO064,20131128,114.88,114.88,114.88,114.88,0
IPO064,20131129,114.89,114.89,114.89,114.89,0
IPO064,20131202,114.76,114.76,114.76,114.76,0
IPO064,20131203,114.80,114.80,114.80,114.80,0
IPO064,20131204,114.82,114.82,114.82,114.82,0
IPO064,20131205,114.74,114.74,114.74,114.74,0
IPO064,20131206,114.83,114.83,114.83,114.83,0
IPO064,20131209,115.26,115.26,115.26,115.26,0
IPO064,20131210,115.44,115.44,115.44,115.44,0
IPO064,20131211,115.38,115.38,115.38,115.38,0
IPO064,20131212,115.31,115.31,115.31,115.31,0
IPO064,20131213,115.37,115.37,115.37,115.37,0
IPO064,20131216,115.84,115.84,115.84,115.84,0
IPO064,20131217,115.83,115.83,115.83,115.83,0
IPO064,20131218,116.05,116.05,116.05,116.05,0
IPO064,20131219,116.03,116.03,116.03,116.03,0
IPO064,20131220,116.03,116.03,116.03,116.03,0
IPO064,20131223,116.10,116.10,116.10,116.10,0
IPO064,20131227,116.09,116.09,116.09,116.09,0
IPO064,20131230,116.09,116.09,116.09,116.09,0
IPO064,20140102,115.87,115.87,115.87,115.87,0
IPO064,20140103,115.67,115.67,115.67,115.67,0
IPO064,20140107,115.63,115.63,115.63,115.63,0
IPO064,20140108,115.68,115.68,115.68,115.68,0
IPO064,20140109,115.71,115.71,115.71,115.71,0
IPO064,20140110,115.97,115.97,115.97,115.97,0
IPO064,20140113,116.15,116.15,116.15,116.15,0
IPO064,20140114,116.25,116.25,116.25,116.25,0
IPO064,20140115,116.31,116.31,116.31,116.31,0
IPO064,20140116,116.32,116.32,116.32,116.32,0
IPO064,20140117,116.48,116.48,116.48,116.48,0
IPO064,20140120,116.52,116.52,116.52,116.52,0
IPO064,20140121,116.46,116.46,116.46,116.46,0
IPO064,20140122,116.48,116.48,116.48,116.48,0
IPO064,20140123,116.53,116.53,116.53,116.53,0
IPO064,20140124,116.42,116.42,116.42,116.42,0
IPO064,20140127,116.23,116.23,116.23,116.23,0
IPO064,20140128,116.38,116.38,116.38,116.38,0
IPO064,20140129,115.97,115.97,115.97,115.97,0
IPO064,20140130,115.91,115.91,115.91,115.91,0
IPO064,20140131,115.33,115.33,115.33,115.33,0
IPO064,20140203,115.61,115.61,115.61,115.61,0
IPO064,20140204,115.70,115.70,115.70,115.70,0
IPO064,20140205,116.33,116.33,116.33,116.33,0
IPO064,20140206,116.60,116.60,116.60,116.60,0
IPO064,20140207,116.71,116.71,116.71,116.71,0
IPO064,20140210,116.75,116.75,116.75,116.75,0
IPO064,20140211,116.67,116.67,116.67,116.67,0
IPO064,20140212,116.67,116.67,116.67,116.67,0
IPO064,20140213,116.66,116.66,116.66,116.66,0
IPO064,20140214,116.79,116.79,116.79,116.79,0
IPO064,20140217,116.80,116.80,116.80,116.80,0
IPO064,20140218,116.79,116.79,116.79,116.79,0
IPO064,20140219,116.69,116.69,116.69,116.69,0
IPO064,20140220,116.82,116.82,116.82,116.82,0
IPO064,20140221,116.86,116.86,116.86,116.86,0
IPO064,20140224,117.20,117.20,117.20,117.20,0
IPO064,20140225,117.23,117.23,117.23,117.23,0
IPO064,20140226,117.24,117.24,117.24,117.24,0
IPO064,20140227,117.31,117.31,117.31,117.31,0
IPO064,20140228,117.38,117.38,117.38,117.38,0
IPO064,20140303,117.14,117.14,117.14,117.14,0
IPO064,20140304,117.28,117.28,117.28,117.28,0
IPO064,20140305,117.61,117.61,117.61,117.61,0
IPO064,20140306,117.93,117.93,117.93,117.93,0
IPO064,20140307,117.93,117.93,117.93,117.93,0
IPO064,20140310,117.92,117.92,117.92,117.92,0
IPO064,20140311,117.93,117.93,117.93,117.93,0
IPO064,20140312,117.94,117.94,117.94,117.94,0
IPO064,20140313,117.85,117.85,117.85,117.85,0
IPO064,20140314,117.82,117.82,117.82,117.82,0
IPO064,20140317,117.86,117.86,117.86,117.86,0
IPO064,20140318,117.98,117.98,117.98,117.98,0
IPO064,20140319,117.98,117.98,117.98,117.98,0
IPO064,20140320,118.01,118.01,118.01,118.01,0
IPO064,20140321,118.00,118.00,118.00,118.00,0
IPO064,20140324,118.01,118.01,118.01,118.01,0
IPO064,20140325,118.01,118.01,118.01,118.01,0
IPO064,20140326,117.95,117.95,117.95,117.95,0
IPO064,20140327,117.84,117.84,117.84,117.84,0
IPO064,20140328,117.89,117.89,117.89,117.89,0
IPO064,20140331,117.97,117.97,117.97,117.97,0
IPO064,20140401,118.01,118.01,118.01,118.01,0
IPO064,20140402,118.12,118.12,118.12,118.12,0
IPO064,20140403,118.09,118.09,118.09,118.09,0
IPO064,20140404,118.06,118.06,118.06,118.06,0
IPO064,20140407,118.18,118.18,118.18,118.18,0
IPO064,20140408,118.28,118.28,118.28,118.28,0
IPO064,20140409,118.26,118.26,118.26,118.26,0
IPO064,20140410,118.23,118.23,118.23,118.23,0
IPO064,20140411,118.27,118.27,118.27,118.27,0
IPO064,20140414,118.23,118.23,118.23,118.23,0
IPO064,20140415,118.14,118.14,118.14,118.14,0
IPO064,20140416,118.10,118.10,118.10,118.10,0
IPO064,20140417,118.15,118.15,118.15,118.15,0
IPO064,20140422,118.14,118.14,118.14,118.14,0
IPO064,20140423,118.16,118.16,118.16,118.16,0
IPO064,20140424,118.24,118.24,118.24,118.24,0
IPO064,20140425,118.23,118.23,118.23,118.23,0
IPO064,20140428,118.26,118.26,118.26,118.26,0
IPO064,20140429,118.22,118.22,118.22,118.22,0
IPO064,20140430,118.31,118.31,118.31,118.31,0
IPO064,20140502,118.24,118.24,118.24,118.24,0
IPO064,20140505,118.31,118.31,118.31,118.31,0
IPO064,20140506,118.21,118.21,118.21,118.21,0
IPO064,20140507,118.30,118.30,118.30,118.30,0
IPO064,20140508,118.33,118.33,118.33,118.33,0
IPO064,20140509,118.35,118.35,118.35,118.35,0
IPO064,20140512,118.31,118.31,118.31,118.31,0
IPO064,20140513,118.37,118.37,118.37,118.37,0
IPO064,20140514,118.39,118.39,118.39,118.39,0
IPO064,20140515,118.46,118.46,118.46,118.46,0
IPO064,20140516,118.44,118.44,118.44,118.44,0
IPO064,20140519,118.45,118.45,118.45,118.45,0
IPO064,20140520,118.44,118.44,118.44,118.44,0
IPO064,20140521,118.45,118.45,118.45,118.45,0
IPO064,20140522,118.45,118.45,118.45,118.45,0
IPO064,20140523,118.53,118.53,118.53,118.53,0
IPO064,20140526,118.54,118.54,118.54,118.54,0
IPO064,20140527,118.54,118.54,118.54,118.54,0
IPO064,20140528,118.54,118.54,118.54,118.54,0
IPO064,20140529,118.59,118.59,118.59,118.59,0
IPO064,20140530,118.57,118.57,118.57,118.57,0
IPO064,20140602,118.58,118.58,118.58,118.58,0
IPO064,20140603,118.61,118.61,118.61,118.61,0
IPO064,20140604,118.68,118.68,118.68,118.68,0
IPO064,20140605,118.72,118.72,118.72,118.72,0
IPO064,20140606,118.78,118.78,118.78,118.78,0
IPO064,20140609,118.74,118.74,118.74,118.74,0
IPO064,20140610,118.74,118.74,118.74,118.74,0
IPO064,20140611,118.78,118.78,118.78,118.78,0
IPO064,20140612,118.79,118.79,118.79,118.79,0
IPO064,20140613,118.76,118.76,118.76,118.76,0
IPO064,20140616,118.76,118.76,118.76,118.76,0
IPO064,20140617,118.78,118.78,118.78,118.78,0
IPO064,20140618,118.78,118.78,118.78,118.78,0
IPO064,20140620,118.76,118.76,118.76,118.76,0
IPO064,20140623,118.75,118.75,118.75,118.75,0
IPO064,20140624,118.71,118.71,118.71,118.71,0
IPO064,20140625,118.62,118.62,118.62,118.62,0
IPO064,20140626,118.69,118.69,118.69,118.69,0
IPO064,20140627,118.73,118.73,118.73,118.73,0
IPO064,20140630,118.75,118.75,118.75,118.75,0
IPO064,20140701,118.76,118.76,118.76,118.76,0
IPO064,20140702,118.82,118.82,118.82,118.82,0
IPO064,20140703,118.79,118.79,118.79,118.79,0
IPO064,20140704,118.79,118.79,118.79,118.79,0
IPO064,20140707,118.81,118.81,118.81,118.81,0
IPO064,20140708,118.83,118.83,118.83,118.83,0
IPO064,20140709,118.88,118.88,118.88,118.88,0
IPO064,20140710,118.94,118.94,118.94,118.94,0
IPO064,20140711,118.93,118.93,118.93,118.93,0
IPO064,20140714,118.93,118.93,118.93,118.93,0
IPO064,20140715,118.92,118.92,118.92,118.92,0
IPO064,20140716,118.87,118.87,118.87,118.87,0
IPO064,20140717,118.90,118.90,118.90,118.90,0
IPO064,20140718,118.91,118.91,118.91,118.91,0
IPO064,20140721,118.92,118.92,118.92,118.92,0
IPO064,20140722,118.95,118.95,118.95,118.95,0
IPO064,20140723,118.95,118.95,118.95,118.95,0
IPO064,20140724,119.04,119.04,119.04,119.04,0
IPO064,20140725,118.93,118.93,118.93,118.93,0
IPO064,20140728,118.93,118.93,118.93,118.93,0
IPO064,20140729,118.83,118.83,118.83,118.83,0
IPO064,20140730,119.02,119.02,119.02,119.02,0
IPO064,20140731,119.04,119.04,119.04,119.04,0
IPO064,20140801,118.88,118.88,118.88,118.88,0
IPO064,20140804,118.88,118.88,118.88,118.88,0
IPO064,20140805,118.96,118.96,118.96,118.96,0
IPO064,20140806,118.77,118.77,118.77,118.77,0
IPO064,20140807,118.72,118.72,118.72,118.72,0
IPO064,20140808,118.69,118.69,118.69,118.69,0
IPO064,20140811,118.71,118.71,118.71,118.71,0
IPO064,20140812,118.72,118.72,118.72,118.72,0
IPO064,20140813,118.77,118.77,118.77,118.77,0
IPO064,20140814,118.77,118.77,118.77,118.77,0
IPO064,20140818,118.81,118.81,118.81,118.81,0
IPO064,20140820,118.83,118.83,118.83,118.83,0
IPO064,20140821,118.85,118.85,118.85,118.85,0
IPO064,20140822,118.86,118.86,118.86,118.86,0
IPO064,20140825,118.86,118.86,118.86,118.86,0
IPO064,20140826,118.88,118.88,118.88,118.88,0
IPO064,20140827,118.91,118.91,118.91,118.91,0
IPO064,20140828,118.91,118.91,118.91,118.91,0
IPO064,20140829,118.92,118.92,118.92,118.92,0
IPO064,20140901,118.94,118.94,118.94,118.94,0
IPO064,20140902,118.94,118.94,118.94,118.94,0
IPO064,20140903,118.95,118.95,118.95,118.95,0
IPO064,20140904,119.05,119.05,119.05,119.05,0
IPO064,20140905,119.08,119.08,119.08,119.08,0
IPO064,20140908,119.23,119.23,119.23,119.23,0
IPO064,20140909,119.21,119.21,119.21,119.21,0
IPO064,20140910,119.22,119.22,119.22,119.22,0
IPO064,20140918,119.37,119.37,119.37,119.37,0
IPO064,20140919,119.43,119.43,119.43,119.43,0
IPO064,20140922,119.52,119.52,119.52,119.52,0
IPO064,20140923,119.58,119.58,119.58,119.58,0
IPO064,20140924,119.63,119.63,119.63,119.63,0
IPO064,20140925,119.66,119.66,119.66,119.66,0
IPO064,20140929,119.68,119.68,119.68,119.68,0
IPO064,20140930,119.66,119.66,119.66,119.66,0
IPO064,20141001,119.69,119.69,119.69,119.69,0
IPO064,20141002,119.71,119.71,119.71,119.71,0
IPO064,20141006,119.74,119.74,119.74,119.74,0
IPO064,20141007,119.76,119.76,119.76,119.76,0
IPO064,20141008,119.80,119.80,119.80,119.80,0
IPO064,20141009,119.90,119.90,119.90,119.90,0
IPO064,20141010,119.93,119.93,119.93,119.93,0
IPO064,20141013,120.00,120.00,120.00,120.00,0
IPO064,20141014,120.23,120.23,120.23,120.23,0
IPO064,20141015,120.25,120.25,120.25,120.25,0
IPO064,20141016,120.31,120.31,120.31,120.31,0
IPO064,20141017,120.44,120.44,120.44,120.44,0
IPO064,20141020,120.48,120.48,120.48,120.48,0
IPO064,20141021,120.53,120.53,120.53,120.53,0
IPO064,20141022,120.61,120.61,120.61,120.61,0
IPO064,20141023,120.61,120.61,120.61,120.61,0
IPO064,20141024,120.59,120.59,120.59,120.59,0
IPO064,20141027,120.60,120.60,120.60,120.60,0
IPO064,20141028,120.61,120.61,120.61,120.61,0
IPO064,20141029,120.62,120.62,120.62,120.62,0
IPO064,20141030,120.62,120.62,120.62,120.62,0
IPO064,20141031,120.70,120.70,120.70,120.70,0
IPO064,20141103,120.75,120.75,120.75,120.75,0
IPO064,20141104,120.76,120.76,120.76,120.76,0
IPO064,20141105,120.73,120.73,120.73,120.73,0
IPO064,20141106,120.72,120.72,120.72,120.72,0
IPO064,20141107,120.72,120.72,120.72,120.72,0
IPO064,20141110,120.74,120.74,120.74,120.74,0
IPO064,20141112,120.76,120.76,120.76,120.76,0
IPO064,20141113,120.76,120.76,120.76,120.76,0
IPO064,20141114,120.77,120.77,120.77,120.77,0
IPO064,20141117,120.79,120.79,120.79,120.79,0
IPO064,20141118,120.79,120.79,120.79,120.79,0
IPO064,20141119,120.79,120.79,120.79,120.79,0
IPO064,20141120,120.79,120.79,120.79,120.79,0
IPO064,20141121,120.84,120.84,120.84,120.84,0
IPO064,20141124,120.85,120.85,120.85,120.85,0
IPO064,20141125,120.86,120.86,120.86,120.86,0
IPO064,20141126,120.88,120.88,120.88,120.88,0
IPO064,20141127,120.89,120.89,120.89,120.89,0
IPO064,20141128,120.91,120.91,120.91,120.91,0
IPO064,20141201,120.93,120.93,120.93,120.93,0
IPO064,20141202,120.94,120.94,120.94,120.94,0
IPO064,20141203,120.93,120.93,120.93,120.93,0
IPO064,20141204,120.93,120.93,120.93,120.93,0
IPO064,20141205,120.92,120.92,120.92,120.92,0
IPO064,20141208,120.94,120.94,120.94,120.94,0
IPO064,20141209,120.94,120.94,120.94,120.94,0
IPO064,20141210,120.92,120.92,120.92,120.92,0
IPO064,20141211,120.91,120.91,120.91,120.91,0
IPO064,20141212,120.94,120.94,120.94,120.94,0
IPO064,20141215,120.93,120.93,120.93,120.93,0
IPO064,20141216,120.80,120.80,120.80,120.80,0
IPO064,20141217,120.83,120.83,120.83,120.83,0
IPO064,20141218,120.89,120.89,120.89,120.89,0
IPO064,20141219,120.90,120.90,120.90,120.90,0
IPO064,20141222,120.94,120.94,120.94,120.94,0
IPO064,20141223,120.98,120.98,120.98,120.98,0
IPO064,20141229,121.02,121.02,121.02,121.02,0
IPO064,20141230,121.03,121.03,121.03,121.03,0
IPO064,20150102,121.05,121.05,121.05,121.05,0
IPO064,20150105,121.10,121.10,121.10,121.10,0
IPO064,20150107,121.12,121.12,121.12,121.12,0
IPO064,20150108,121.14,121.14,121.14,121.14,0
IPO064,20150109,121.14,121.14,121.14,121.14,0
IPO064,20150112,121.16,121.16,121.16,121.16,0
IPO064,20150113,121.14,121.14,121.14,121.14,0
IPO064,20150114,121.24,121.24,121.24,121.24,0
IPO064,20150115,121.26,121.26,121.26,121.26,0
IPO064,20150116,121.24,121.24,121.24,121.24,0
IPO064,20150119,121.26,121.26,121.26,121.26,0
IPO064,20150120,121.22,121.22,121.22,121.22,0
IPO064,20150121,121.24,121.24,121.24,121.24,0
IPO064,20150122,121.32,121.32,121.32,121.32,0
IPO064,20150123,121.42,121.42,121.42,121.42,0
IPO064,20150126,121.45,121.45,121.45,121.45,0
IPO064,20150127,121.46,121.46,121.46,121.46,0
IPO064,20150128,121.44,121.44,121.44,121.44,0
IPO064,20150129,121.46,121.46,121.46,121.46,0
IPO064,20150130,121.49,121.49,121.49,121.49,0
IPO064,20150202,121.49,121.49,121.49,121.49,0
IPO064,20150203,121.51,121.51,121.51,121.51,0
IPO064,20150204,121.53,121.53,121.53,121.53,0
IPO064,20150205,121.46,121.46,121.46,121.46,0
IPO064,20150206,121.33,121.33,121.33,121.33,0
IPO064,20150209,121.06,121.06,121.06,121.06,0
IPO064,20150210,120.95,120.95,120.95,120.95,0
IPO064,20150211,120.89,120.89,120.89,120.89,0
IPO064,20150212,121.47,121.47,121.47,121.47,0
IPO064,20150213,121.43,121.43,121.43,121.43,0
IPO064,20150216,121.39,121.39,121.39,121.39,0
IPO064,20150217,121.37,121.37,121.37,121.37,0
IPO064,20150218,121.18,121.18,121.18,121.18,0
IPO064,20150219,121.21,121.21,121.21,121.21,0
IPO064,20150220,121.08,121.08,121.08,121.08,0
IPO064,20150223,121.12,121.12,121.12,121.12,0
IPO064,20150224,121.26,121.26,121.26,121.26,0
IPO064,20150225,121.65,121.65,121.65,121.65,0
IPO064,20150226,121.77,121.77,121.77,121.77,0
IPO064,20150227,121.64,121.64,121.64,121.64,0
IPO064,20150302,121.67,121.67,121.67,121.67,0
IPO064,20150303,121.58,121.58,121.58,121.58,0
IPO064,20150304,121.39,121.39,121.39,121.39,0
IPO064,20150305,121.22,121.22,121.22,121.22,0
IPO064,20150306,120.91,120.91,120.91,120.91,0
IPO064,20150309,120.96,120.96,120.96,120.96,0
IPO064,20150310,120.81,120.81,120.81,120.81,0
IPO064,20150311,121.10,121.10,121.10,121.10,0
IPO064,20150312,121.31,121.31,121.31,121.31,0
IPO064,20150313,121.20,121.20,121.20,121.20,0
IPO064,20150316,121.25,121.25,121.25,121.25,0
IPO064,20150317,121.25,121.25,121.25,121.25,0
IPO064,20150318,121.32,121.32,121.32,121.32,0
IPO064,20150319,121.57,121.57,121.57,121.57,0
IPO064,20150320,121.68,121.68,121.68,121.68,0
IPO064,20150323,121.70,121.70,121.70,121.70,0
IPO064,20150324,121.70,121.70,121.70,121.70,0
IPO064,20150325,121.73,121.73,121.73,121.73,0
IPO064,20150326,121.61,121.61,121.61,121.61,0
IPO064,20150327,121.62,121.62,121.62,121.62,0
IPO064,20150330,121.66,121.66,121.66,121.66,0
IPO064,20150331,121.67,121.67,121.67,121.67,0
IPO064,20150401,121.82,121.82,121.82,121.82,0
IPO064,20150402,121.85,121.85,121.85,121.85,0
IPO064,20150407,121.80,121.80,121.80,121.80,0
IPO064,20150408,121.90,121.90,121.90,121.90,0
IPO064,20150409,121.88,121.88,121.88,121.88,0
IPO064,20150410,121.90,121.90,121.90,121.90,0
IPO064,20150413,121.92,121.92,121.92,121.92,0
IPO064,20150414,121.87,121.87,121.87,121.87,0
IPO064,20150415,121.96,121.96,121.96,121.96,0
IPO064,20150416,121.91,121.91,121.91,121.91,0
IPO064,20150417,121.90,121.90,121.90,121.90,0
IPO064,20150420,121.91,121.91,121.91,121.91,0
IPO064,20150421,121.75,121.75,121.75,121.75,0
IPO064,20150422,121.58,121.58,121.58,121.58,0
IPO064,20150423,121.49,121.49,121.49,121.49,0
IPO064,20150424,121.54,121.54,121.54,121.54,0
IPO064,20150427,121.59,121.59,121.59,121.59,0
IPO064,20150428,121.38,121.38,121.38,121.38,0
IPO064,20150429,121.20,121.20,121.20,121.20,0
IPO064,20150430,121.18,121.18,121.18,121.18,0
IPO064,20150504,121.14,121.14,121.14,121.14,0
IPO064,20150505,120.98,120.98,120.98,120.98,0
IPO064,20150506,120.59,120.59,120.59,120.59,0
IPO064,20150507,120.79,120.79,120.79,120.79,0
IPO064,20150508,121.07,121.07,121.07,121.07,0
IPO064,20150511,120.84,120.84,120.84,120.84,0
IPO064,20150512,120.50,120.50,120.50,120.50,0
IPO064,20150513,120.69,120.69,120.69,120.69,0
IPO064,20150514,120.86,120.86,120.86,120.86,0
IPO064,20150515,120.78,120.78,120.78,120.78,0
IPO064,20150518,120.78,120.78,120.78,120.78,0
IPO064,20150519,120.98,120.98,120.98,120.98,0
IPO064,20150520,121.05,121.05,121.05,121.05,0
IPO064,20150521,121.08,121.08,121.08,121.08,0
IPO064,20150522,121.05,121.05,121.05,121.05,0
IPO064,20150525,120.81,120.81,120.81,120.81,0
IPO064,20150526,120.61,120.61,120.61,120.61,0
IPO064,20150527,120.40,120.40,120.40,120.40,0
IPO064,20150528,120.54,120.54,120.54,120.54,0
IPO064,20150529,120.63,120.63,120.63,120.63,0
IPO064,20150601,120.53,120.53,120.53,120.53,0
IPO064,20150602,120.43,120.43,120.43,120.43,0
IPO064,20150603,120.02,120.02,120.02,120.02,0
IPO064,20150605,119.73,119.73,119.73,119.73,0
IPO064,20150608,119.75,119.75,119.75,119.75,0
IPO064,20150609,119.64,119.64,119.64,119.64,0
IPO064,20150610,119.59,119.59,119.59,119.59,0
IPO064,20150611,119.77,119.77,119.77,119.77,0
IPO064,20150612,119.62,119.62,119.62,119.62,0
IPO064,20150615,119.16,119.16,119.16,119.16,0
IPO064,20150616,119.08,119.08,119.08,119.08,0
IPO064,20150617,119.18,119.18,119.18,119.18,0
IPO064,20150618,119.39,119.39,119.39,119.39,0
IPO064,20150619,119.43,119.43,119.43,119.43,0
IPO064,20150622,119.50,119.50,119.50,119.50,0
IPO064,20150623,119.66,119.66,119.66,119.66,0
IPO064,20150624,119.65,119.65,119.65,119.65,0
IPO064,20150625,119.65,119.65,119.65,119.65,0
IPO064,20150626,119.76,119.76,119.76,119.76,0
IPO064,20150629,119.38,119.38,119.38,119.38,0
IPO064,20150630,119.68,119.68,119.68,119.68,0
IPO064,20150701,119.82,119.82,119.82,119.82,0
IPO064,20150702,119.88,119.88,119.88,119.88,0
IPO064,20150703,119.95,119.95,119.95,119.95,0
IPO064,20150706,119.90,119.90,119.90,119.90,0
IPO064,20150707,120.53,120.53,120.53,120.53,0
IPO064,20150708,120.82,120.82,120.82,120.82,0
IPO064,20150709,121.15,121.15,121.15,121.15,0
IPO064,20150710,121.04,121.04,121.04,121.04,0
IPO064,20150713,120.96,120.96,120.96,120.96,0
IPO064,20150714,120.97,120.97,120.97,120.97,0
IPO064,20150715,121.07,121.07,121.07,121.07,0
IPO064,20150716,121.11,121.11,121.11,121.11,0
IPO064,20150717,121.54,121.54,121.54,121.54,0
IPO064,20150720,121.58,121.58,121.58,121.58,0
IPO064,20150721,121.57,121.57,121.57,121.57,0
IPO064,20150722,121.59,121.59,121.59,121.59,0
IPO064,20150723,121.52,121.52,121.52,121.52,0
IPO064,20150724,121.62,121.62,121.62,121.62,0
IPO064,20150727,121.62,121.62,121.62,121.62,0
IPO064,20150728,121.61,121.61,121.61,121.61,0
IPO064,20150729,121.55,121.55,121.55,121.55,0
IPO064,20150730,121.54,121.54,121.54,121.54,0
IPO064,20150731,121.35,121.35,121.35,121.35,0
IPO064,20150803,121.37,121.37,121.37,121.37,0
IPO064,20150804,121.40,121.40,121.40,121.40,0
IPO064,20150805,121.32,121.32,121.32,121.32,0
IPO064,20150806,121.29,121.29,121.29,121.29,0
IPO064,20150807,121.31,121.31,121.31,121.31,0
IPO064,20150810,121.42,121.42,121.42,121.42,0
IPO064,20150811,121.54,121.54,121.54,121.54,0
IPO064,20150812,121.98,121.98,121.98,121.98,0
IPO064,20150813,121.93,121.93,121.93,121.93,0
IPO064,20150814,122.12,122.12,122.12,122.12,0
IPO064,20150817,122.17,122.17,122.17,122.17,0
IPO064,20150818,122.13,122.13,122.13,122.13,0
IPO064,20150819,122.16,122.16,122.16,122.16,0
IPO064,20150820,122.31,122.31,122.31,122.31,0
IPO064,20150821,122.28,122.28,122.28,122.28,0
IPO064,20150824,122.15,122.15,122.15,122.15,0
IPO064,20150825,121.86,121.86,121.86,121.86,0
IPO064,20150826,121.79,121.79,121.79,121.79,0
IPO064,20150827,121.85,121.85,121.85,121.85,0
IPO064,20150828,121.93,121.93,121.93,121.93,0
IPO064,20150831,121.86,121.86,121.86,121.86,0
IPO064,20150901,121.68,121.68,121.68,121.68,0
IPO064,20150902,121.65,121.65,121.65,121.65,0
IPO064,20150903,121.73,121.73,121.73,121.73,0
IPO064,20150904,121.88,121.88,121.88,121.88,0
IPO064,20150907,121.87,121.87,121.87,121.87,0
IPO064,20150908,121.87,121.87,121.87,121.87,0
IPO064,20150909,121.86,121.86,121.86,121.86,0
IPO064,20150910,121.85,121.85,121.85,121.85,0
IPO064,20150911,121.83,121.83,121.83,121.83,0
IPO064,20150914,121.84,121.84,121.84,121.84,0
IPO064,20150915,121.82,121.82,121.82,121.82,0
IPO064,20150916,121.67,121.67,121.67,121.67,0
IPO064,20150917,121.71,121.71,121.71,121.71,0
IPO064,20150918,122.18,122.18,122.18,122.18,0
IPO064,20150921,122.19,122.19,122.19,122.19,0
IPO064,20150922,122.31,122.31,122.31,122.31,0
IPO064,20150923,122.32,122.32,122.32,122.32,0
IPO064,20150924,122.33,122.33,122.33,122.33,0
IPO064,20150925,122.29,122.29,122.29,122.29,0
IPO064,20150928,122.30,122.30,122.30,122.30,0
IPO064,20150929,122.25,122.25,122.25,122.25,0
IPO064,20150930,122.27,122.27,122.27,122.27,0
IPO064,20151001,122.39,122.39,122.39,122.39,0
IPO064,20151002,122.62,122.62,122.62,122.62,0
IPO064,20151005,122.72,122.72,122.72,122.72,0
IPO064,20151006,122.77,122.77,122.77,122.77,0
IPO064,20151007,122.75,122.75,122.75,122.75,0
IPO064,20151008,122.74,122.74,122.74,122.74,0
IPO064,20151009,122.60,122.60,122.60,122.60,0
IPO064,20151012,122.65,122.65,122.65,122.65,0
IPO064,20151013,122.67,122.67,122.67,122.67,0
IPO064,20151014,122.81,122.81,122.81,122.81,0
IPO064,20151015,122.80,122.80,122.80,122.80,0
IPO064,20151016,122.81,122.81,122.81,122.81,0
IPO064,20151019,122.84,122.84,122.84,122.84,0
IPO064,20151020,122.89,122.89,122.89,122.89,0
IPO064,20151021,122.85,122.85,122.85,122.85,0
IPO064,20151022,122.93,122.93,122.93,122.93,0
IPO064,20151023,122.98,122.98,122.98,122.98,0
IPO064,20151026,123.08,123.08,123.08,123.08,0
IPO064,20151027,123.17,123.17,123.17,123.17,0
IPO064,20151028,123.22,123.22,123.22,123.22,0
IPO064,20151029,123.26,123.26,123.26,123.26,0
IPO064,20151030,123.30,123.30,123.30,123.30,0
IPO064,20151102,123.28,123.28,123.28,123.28,0
IPO064,20151103,123.28,123.28,123.28,123.28,0
IPO064,20151104,123.18,123.18,123.18,123.18,0
IPO064,20151105,123.06,123.06,123.06,123.06,0
IPO064,20151106,122.87,122.87,122.87,122.87,0
IPO064,20151109,122.81,122.81,122.81,122.81,0
IPO064,20151110,122.94,122.94,122.94,122.94,0
IPO064,20151112,123.13,123.13,123.13,123.13,0
IPO064,20151113,123.35,123.35,123.35,123.35,0
IPO064,20151116,123.36,123.36,123.36,123.36,0
IPO064,20151117,123.34,123.34,123.34,123.34,0
IPO064,20151118,123.28,123.28,123.28,123.28,0
IPO064,20151119,123.31,123.31,123.31,123.31,0
IPO064,20151120,123.33,123.33,123.33,123.33,0
IPO064,20151123,123.33,123.33,123.33,123.33,0
IPO064,20151124,123.35,123.35,123.35,123.35,0
IPO064,20151125,123.39,123.39,123.39,123.39,0
IPO064,20151126,123.42,123.42,123.42,123.42,0
IPO064,20151127,123.43,123.43,123.43,123.43,0
IPO064,20151130,123.42,123.42,123.42,123.42,0
IPO064,20151201,123.40,123.40,123.40,123.40,0
IPO064,20151202,123.45,123.45,123.45,123.45,0
IPO064,20151203,123.34,123.34,123.34,123.34,0
IPO064,20151204,123.16,123.16,123.16,123.16,0
IPO064,20151207,123.16,123.16,123.16,123.16,0
IPO064,20151208,123.14,123.14,123.14,123.14,0
IPO064,20151209,123.12,123.12,123.12,123.12,0
IPO064,20151210,123.16,123.16,123.16,123.16,0
IPO064,20151211,123.12,123.12,123.12,123.12,0
IPO064,20151214,122.86,122.86,122.86,122.86,0
IPO064,20151215,122.53,122.53,122.53,122.53,0
IPO064,20151216,122.51,122.51,122.51,122.51,0
IPO064,20151217,122.87,122.87,122.87,122.87,0
IPO064,20151218,122.94,122.94,122.94,122.94,0
IPO064,20151221,123.05,123.05,123.05,123.05,0
IPO064,20151222,123.22,123.22,123.22,123.22,0
IPO064,20151223,123.24,123.24,123.24,123.24,0
IPO064,20151228,123.06,123.06,123.06,123.06,0
IPO064,20151229,123.11,123.11,123.11,123.11,0
IPO064,20151230,123.53,123.53,123.53,123.53,0
IPO064,20160104,123.38,123.38,123.38,123.38,0
IPO064,20160105,123.54,123.54,123.54,123.54,0
IPO064,20160107,123.63,123.63,123.63,123.63,0
IPO064,20160108,123.68,123.68,123.68,123.68,0
IPO064,20160111,123.82,123.82,123.82,123.82,0
IPO064,20160112,124.15,124.15,124.15,124.15,0
IPO064,20160113,124.42,124.42,124.42,124.42,0
IPO064,20160114,124.25,124.25,124.25,124.25,0
IPO064,20160115,124.21,124.21,124.21,124.21,0
IPO064,20160118,123.94,123.94,123.94,123.94,0
IPO064,20160119,123.89,123.89,123.89,123.89,0
IPO064,20160120,123.80,123.80,123.80,123.80,0
IPO064,20160121,123.82,123.82,123.82,123.82,0
IPO064,20160122,123.85,123.85,123.85,123.85,0
IPO064,20160125,123.88,123.88,123.88,123.88,0
IPO064,20160126,123.96,123.96,123.96,123.96,0
IPO064,20160127,124.08,124.08,124.08,124.08,0
IPO064,20160128,124.15,124.15,124.15,124.15,0
IPO064,20160129,124.16,124.16,124.16,124.16,0
IPO064,20160201,124.21,124.21,124.21,124.21,0
IPO064,20160202,124.26,124.26,124.26,124.26,0
IPO064,20160203,124.26,124.26,124.26,124.26,0
IPO064,20160204,124.49,124.49,124.49,124.49,0
IPO064,20160205,124.45,124.45,124.45,124.45,0
IPO064,20160208,124.54,124.54,124.54,124.54,0
IPO064,20160209,124.25,124.25,124.25,124.25,0
IPO064,20160210,124.29,124.29,124.29,124.29,0
