Name,Date,Open,High,Low,Close,Volume
IPO962,20120221,99.76,99.76,99.76,99.76,0
IPO962,20120222,99.27,99.27,99.27,99.27,0
IPO962,20120223,98.54,98.54,98.54,98.54,0
IPO962,20120224,99.06,99.06,99.06,99.06,0
IPO962,20120227,99.07,99.07,99.07,99.07,0
IPO962,20120228,99.05,99.05,99.05,99.05,0
IPO962,20120229,99.15,99.15,99.15,99.15,0
IPO962,20120301,98.95,98.95,98.95,98.95,0
IPO962,20120302,98.80,98.80,98.80,98.80,0
IPO962,20120305,98.24,98.24,98.24,98.24,0
IPO962,20120306,97.82,97.82,97.82,97.82,0
IPO962,20120307,98.04,98.04,98.04,98.04,0
IPO962,20120308,98.72,98.72,98.72,98.72,0
IPO962,20120309,98.79,98.79,98.79,98.79,0
IPO962,20120312,98.85,98.85,98.85,98.85,0
IPO962,20120313,98.94,98.94,98.94,98.94,0
IPO962,20120314,99.96,99.96,99.96,99.96,0
IPO962,20120315,100.27,100.27,100.27,100.27,0
IPO962,20120316,100.18,100.18,100.18,100.18,0
IPO962,20120319,99.84,99.84,99.84,99.84,0
IPO962,20120320,99.23,99.23,99.23,99.23,0
IPO962,20120321,99.11,99.11,99.11,99.11,0
IPO962,20120322,98.16,98.16,98.16,98.16,0
IPO962,20120323,99.04,99.04,99.04,99.04,0
IPO962,20120326,99.26,99.26,99.26,99.26,0
IPO962,20120327,99.88,99.88,99.88,99.88,0
IPO962,20120328,99.64,99.64,99.64,99.64,0
IPO962,20120329,98.73,98.73,98.73,98.73,0
IPO962,20120330,99.26,99.26,99.26,99.26,0
IPO962,20120402,99.12,99.12,99.12,99.12,0
IPO962,20120403,99.03,99.03,99.03,99.03,0
IPO962,20120404,97.82,97.82,97.82,97.82,0
IPO962,20120405,97.83,97.83,97.83,97.83,0
IPO962,20120410,96.73,96.73,96.73,96.73,0
IPO962,20120411,97.43,97.43,97.43,97.43,0
IPO962,20120412,98.33,98.33,98.33,98.33,0
IPO962,20120413,97.61,97.61,97.61,97.61,0
IPO962,20120416,97.56,97.56,97.56,97.56,0
IPO962,20120417,98.08,98.08,98.08,98.08,0
IPO962,20120418,97.16,97.16,97.16,97.16,0
IPO962,20120419,96.51,96.51,96.51,96.51,0
IPO962,20120420,95.84,95.84,95.84,95.84,0
IPO962,20120423,93.20,93.20,93.20,93.20,0
IPO962,20120424,93.98,93.98,93.98,93.98,0
IPO962,20120425,94.30,94.30,94.30,94.30,0
IPO962,20120426,95.09,95.09,95.09,95.09,0
IPO962,20120427,95.91,95.91,95.91,95.91,0
IPO962,20120430,95.73,95.73,95.73,95.73,0
IPO962,20120502,95.23,95.23,95.23,95.23,0
IPO962,20120504,94.56,94.56,94.56,94.56,0
IPO962,20120507,94.93,94.93,94.93,94.93,0
IPO962,20120508,93.91,93.91,93.91,93.91,0
IPO962,20120509,93.86,93.86,93.86,93.86,0
IPO962,20120510,94.16,94.16,94.16,94.16,0
IPO962,20120511,93.77,93.77,93.77,93.77,0
IPO962,20120514,92.22,92.22,92.22,92.22,0
IPO962,20120515,91.25,91.25,91.25,91.25,0
IPO962,20120516,91.73,91.73,91.73,91.73,0
IPO962,20120517,89.59,89.59,89.59,89.59,0
IPO962,20120518,89.63,89.63,89.63,89.63,0
IPO962,20120521,90.91,90.91,90.91,90.91,0
IPO962,20120522,91.56,91.56,91.56,91.56,0
IPO962,20120523,89.44,89.44,89.44,89.44,0
IPO962,20120524,89.19,89.19,89.19,89.19,0
IPO962,20120525,89.24,89.24,89.24,89.24,0
IPO962,20120528,89.95,89.95,89.95,89.95,0
IPO962,20120529,91.18,91.18,91.18,91.18,0
IPO962,20120530,90.31,90.31,90.31,90.31,0
IPO962,20120531,91.23,91.23,91.23,91.23,0
IPO962,20120601,90.15,90.15,90.15,90.15,0
IPO962,20120604,89.86,89.86,89.86,89.86,0
IPO962,20120605,87.93,87.93,87.93,87.93,0
IPO962,20120606,90.09,90.09,90.09,90.09,0
IPO962,20120608,91.54,91.54,91.54,91.54,0
IPO962,20120611,91.97,91.97,91.97,91.97,0
IPO962,20120612,93.43,93.43,93.43,93.43,0
IPO962,20120613,93.38,93.38,93.38,93.38,0
IPO962,20120614,93.40,93.40,93.40,93.40,0
IPO962,20120615,94.33,94.33,94.33,94.33,0
IPO962,20120618,94.42,94.42,94.42,94.42,0
IPO962,20120619,96.18,96.18,96.18,96.18,0
IPO962,20120620,96.32,96.32,96.32,96.32,0
IPO962,20120621,95.78,95.78,95.78,95.78,0
IPO962,20120622,95.95,95.95,95.95,95.95,0
IPO962,20120625,95.26,95.26,95.26,95.26,0
IPO962,20120626,96.62,96.62,96.62,96.62,0
IPO962,20120627,97.37,97.37,97.37,97.37,0
IPO962,20120628,96.31,96.31,96.31,96.31,0
IPO962,20120629,97.62,97.62,97.62,97.62,0
IPO962,20120702,97.41,97.41,97.41,97.41,0
IPO962,20120703,97.65,97.65,97.65,97.65,0
IPO962,20120704,97.74,97.74,97.74,97.74,0
IPO962,20120705,98.36,98.36,98.36,98.36,0
IPO962,20120706,97.73,97.73,97.73,97.73,0
IPO962,20120709,97.02,97.02,97.02,97.02,0
IPO962,20120710,96.96,96.96,96.96,96.96,0
IPO962,20120711,96.06,96.06,96.06,96.06,0
IPO962,20120712,95.42,95.42,95.42,95.42,0
IPO962,20120713,96.16,96.16,96.16,96.16,0
IPO962,20120716,96.00,96.00,96.00,96.00,0
IPO962,20120717,96.31,96.31,96.31,96.31,0
IPO962,20120718,96.26,96.26,96.26,96.26,0
IPO962,20120719,96.67,96.67,96.67,96.67,0
IPO962,20120720,96.04,96.04,96.04,96.04,0
IPO962,20120723,94.02,94.02,94.02,94.02,0
IPO962,20120724,94.48,94.48,94.48,94.48,0
IPO962,20120725,94.43,94.43,94.43,94.43,0
IPO962,20120726,94.49,94.49,94.49,94.49,0
IPO962,20120727,95.49,95.49,95.49,95.49,0
IPO962,20120730,95.63,95.63,95.63,95.63,0
IPO962,20120731,95.42,95.42,95.42,95.42,0
IPO962,20120801,95.28,95.28,95.28,95.28,0
IPO962,20120802,94.66,94.66,94.66,94.66,0
IPO962,20120803,96.00,96.00,96.00,96.00,0
IPO962,20120806,96.92,96.92,96.92,96.92,0
IPO962,20120807,96.81,96.81,96.81,96.81,0
IPO962,20120808,97.20,97.20,97.20,97.20,0
IPO962,20120809,98.03,98.03,98.03,98.03,0
IPO962,20120810,98.02,98.02,98.02,98.02,0
IPO962,20120813,97.88,97.88,97.88,97.88,0
IPO962,20120814,97.99,97.99,97.99,97.99,0
IPO962,20120816,98.54,98.54,98.54,98.54,0
IPO962,20120817,97.92,97.92,97.92,97.92,0
IPO962,20120820,97.73,97.73,97.73,97.73,0
IPO962,20120821,98.34,98.34,98.34,98.34,0
IPO962,20120822,98.31,98.31,98.31,98.31,0
IPO962,20120823,97.91,97.91,97.91,97.91,0
IPO962,20120824,97.88,97.88,97.88,97.88,0
IPO962,20120827,97.68,97.68,97.68,97.68,0
IPO962,20120828,97.50,97.50,97.50,97.50,0
IPO962,20120829,97.25,97.25,97.25,97.25,0
IPO962,20120830,97.00,97.00,97.00,97.00,0
IPO962,20120831,98.03,98.03,98.03,98.03,0
IPO962,20120903,98.12,98.12,98.12,98.12,0
IPO962,20120904,97.88,97.88,97.88,97.88,0
IPO962,20120905,97.92,97.92,97.92,97.92,0
IPO962,20120906,98.43,98.43,98.43,98.43,0
IPO962,20120907,99.59,99.59,99.59,99.59,0
IPO962,20120910,100.21,100.21,100.21,100.21,0
IPO962,20120911,100.69,100.69,100.69,100.69,0
IPO962,20120912,101.02,101.02,101.02,101.02,0
IPO962,20120913,100.99,100.99,100.99,100.99,0
IPO962,20120914,103.16,103.16,103.16,103.16,0
IPO962,20120917,102.92,102.92,102.92,102.92,0
IPO962,20120918,103.33,103.33,103.33,103.33,0
IPO962,20120919,104.46,104.46,104.46,104.46,0
IPO962,20120920,103.52,103.52,103.52,103.52,0
IPO962,20120921,103.79,103.79,103.79,103.79,0
IPO962,20120924,103.48,103.48,103.48,103.48,0
IPO962,20120925,104.18,104.18,104.18,104.18,0
IPO962,20120926,103.57,103.57,103.57,103.57,0
IPO962,20120927,104.46,104.46,104.46,104.46,0
IPO962,20120928,104.39,104.39,104.39,104.39,0
IPO962,20121001,105.50,105.50,105.50,105.50,0
IPO962,20121002,105.86,105.86,105.86,105.86,0
IPO962,20121003,105.64,105.64,105.64,105.64,0
IPO962,20121004,105.61,105.61,105.61,105.61,0
IPO962,20121005,106.53,106.53,106.53,106.53,0
IPO962,20121008,106.28,106.28,106.28,106.28,0
IPO962,20121009,105.41,105.41,105.41,105.41,0
IPO962,20121010,105.62,105.62,105.62,105.62,0
IPO962,20121011,105.34,105.34,105.34,105.34,0
IPO962,20121012,104.99,104.99,104.99,104.99,0
IPO962,20121015,105.49,105.49,105.49,105.49,0
IPO962,20121016,106.26,106.26,106.26,106.26,0
IPO962,20121017,105.64,105.64,105.64,105.64,0
IPO962,20121018,105.85,105.85,105.85,105.85,0
IPO962,20121019,104.16,104.16,104.16,104.16,0
IPO962,20121022,103.76,103.76,103.76,103.76,0
IPO962,20121023,102.36,102.36,102.36,102.36,0
IPO962,20121024,103.01,103.01,103.01,103.01,0
IPO962,20121025,103.21,103.21,103.21,103.21,0
IPO962,20121026,103.36,103.36,103.36,103.36,0
IPO962,20121029,103.24,103.24,103.24,103.24,0
IPO962,20121030,103.76,103.76,103.76,103.76,0
IPO962,20121031,103.73,103.73,103.73,103.73,0
IPO962,20121102,103.77,103.77,103.77,103.77,0
IPO962,20121105,103.90,103.90,103.90,103.90,0
IPO962,20121106,104.33,104.33,104.33,104.33,0
IPO962,20121107,103.88,103.88,103.88,103.88,0
IPO962,20121108,103.78,103.78,103.78,103.78,0
IPO962,20121109,103.16,103.16,103.16,103.16,0
IPO962,20121112,103.98,103.98,103.98,103.98,0
IPO962,20121113,104.68,104.68,104.68,104.68,0
IPO962,20121114,105.12,105.12,105.12,105.12,0
IPO962,20121115,104.64,104.64,104.64,104.64,0
IPO962,20121116,104.55,104.55,104.55,104.55,0
IPO962,20121119,106.02,106.02,106.02,106.02,0
IPO962,20121120,106.44,106.44,106.44,106.44,0
IPO962,20121121,106.19,106.19,106.19,106.19,0
IPO962,20121122,106.47,106.47,106.47,106.47,0
IPO962,20121123,106.30,106.30,106.30,106.30,0
IPO962,20121126,106.83,106.83,106.83,106.83,0
IPO962,20121127,107.08,107.08,107.08,107.08,0
IPO962,20121128,106.94,106.94,106.94,106.94,0
IPO962,20121129,107.46,107.46,107.46,107.46,0
IPO962,20121130,107.54,107.54,107.54,107.54,0
IPO962,20121203,108.68,108.68,108.68,108.68,0
IPO962,20121204,108.99,108.99,108.99,108.99,0
IPO962,20121205,109.10,109.10,109.10,109.10,0
IPO962,20121206,109.99,109.99,109.99,109.99,0
IPO962,20121207,109.22,109.22,109.22,109.22,0
IPO962,20121210,109.45,109.45,109.45,109.45,0
IPO962,20121211,110.94,110.94,110.94,110.94,0
IPO962,20121212,111.24,111.24,111.24,111.24,0
IPO962,20121213,111.28,111.28,111.28,111.28,0
IPO962,20121214,111.60,111.60,111.60,111.60,0
IPO962,20121217,111.82,111.82,111.82,111.82,0
IPO962,20121218,111.94,111.94,111.94,111.94,0
IPO962,20121219,112.91,112.91,112.91,112.91,0
IPO962,20121220,112.70,112.70,112.70,112.70,0
IPO962,20121221,112.63,112.63,112.63,112.63,0
IPO962,20121227,112.90,112.90,112.90,112.90,0
IPO962,20121228,113.32,113.32,113.32,113.32,0
IPO962,20130102,113.87,113.87,113.87,113.87,0
IPO962,20130103,114.13,114.13,114.13,114.13,0
IPO962,20130104,113.96,113.96,113.96,113.96,0
IPO962,20130107,113.56,113.56,113.56,113.56,0
IPO962,20130108,113.10,113.10,113.10,113.10,0
IPO962,20130109,112.91,112.91,112.91,112.91,0
IPO962,20130110,113.34,113.34,113.34,113.34,0
IPO962,20130111,113.35,113.35,113.35,113.35,0
IPO962,20130114,113.88,113.88,113.88,113.88,0
IPO962,20130115,113.68,113.68,113.68,113.68,0
IPO962,20130116,114.18,114.18,114.18,114.18,0
IPO962,20130117,114.92,114.92,114.92,114.92,0
IPO962,20130118,115.59,115.59,115.59,115.59,0
IPO962,20130121,116.31,116.31,116.31,116.31,0
IPO962,20130122,116.32,116.32,116.32,116.32,0
IPO962,20130123,116.15,116.15,116.15,116.15,0
IPO962,20130124,116.33,116.33,116.33,116.33,0
IPO962,20130125,115.99,115.99,115.99,115.99,0
IPO962,20130128,116.00,116.00,116.00,116.00,0
IPO962,20130129,115.73,115.73,115.73,115.73,0
IPO962,20130130,115.23,115.23,115.23,115.23,0
IPO962,20130131,115.36,115.36,115.36,115.36,0
IPO962,20130201,115.50,115.50,115.50,115.50,0
IPO962,20130204,115.69,115.69,115.69,115.69,0
IPO962,20130205,115.50,115.50,115.50,115.50,0
IPO962,20130206,114.88,114.88,114.88,114.88,0
IPO962,20130207,115.55,115.55,115.55,115.55,0
IPO962,20130208,116.26,116.26,116.26,116.26,0
IPO962,20130211,116.46,116.46,116.46,116.46,0
IPO962,20130212,116.89,116.89,116.89,116.89,0
IPO962,20130213,116.74,116.74,116.74,116.74,0
IPO962,20130214,116.43,116.43,116.43,116.43,0
IPO962,20130215,116.80,116.80,116.80,116.80,0
IPO962,20130218,117.10,117.10,117.10,117.10,0
IPO962,20130219,117.15,117.15,117.15,117.15,0
IPO962,20130221,115.82,115.82,115.82,115.82,0
IPO962,20130222,117.02,117.02,117.02,117.02,0
IPO962,20130225,117.54,117.54,117.54,117.54,0
IPO962,20130226,117.08,117.08,117.08,117.08,0
IPO962,20130227,118.18,118.18,118.18,118.18,0
IPO962,20130228,119.04,119.04,119.04,119.04,0
IPO962,20130301,119.70,119.70,119.70,119.70,0
IPO962,20130304,118.65,118.65,118.65,118.65,0
IPO962,20130305,119.83,119.83,119.83,119.83,0
IPO962,20130306,119.88,119.88,119.88,119.88,0
IPO962,20130307,119.21,119.21,119.21,119.21,0
IPO962,20130308,120.73,120.73,120.73,120.73,0
IPO962,20130311,120.11,120.11,120.11,120.11,0
IPO962,20130312,120.64,120.64,120.64,120.64,0
IPO962,20130313,120.16,120.16,120.16,120.16,0
IPO962,20130314,121.19,121.19,121.19,121.19,0
IPO962,20130315,120.93,120.93,120.93,120.93,0
IPO962,20130318,119.41,119.41,119.41,119.41,0
IPO962,20130319,117.84,117.84,117.84,117.84,0
IPO962,20130320,117.49,117.49,117.49,117.49,0
IPO962,20130321,116.04,116.04,116.04,116.04,0
IPO962,20130322,114.17,114.17,114.17,114.17,0
IPO962,20130325,112.18,112.18,112.18,112.18,0
IPO962,20130326,111.75,111.75,111.75,111.75,0
IPO962,20130327,113.39,113.39,113.39,113.39,0
IPO962,20130328,114.39,114.39,114.39,114.39,0
IPO962,20130402,114.26,114.26,114.26,114.26,0
IPO962,20130403,111.63,111.63,111.63,111.63,0
IPO962,20130404,111.19,111.19,111.19,111.19,0
IPO962,20130405,110.71,110.71,110.71,110.71,0
IPO962,20130408,110.71,110.71,110.71,110.71,0
IPO962,20130409,110.74,110.74,110.74,110.74,0
IPO962,20130410,111.67,111.67,111.67,111.67,0
IPO962,20130411,112.81,112.81,112.81,112.81,0
IPO962,20130412,112.12,112.12,112.12,112.12,0
IPO962,20130415,110.32,110.32,110.32,110.32,0
IPO962,20130417,108.42,108.42,108.42,108.42,0
IPO962,20130418,106.98,106.98,106.98,106.98,0
IPO962,20130419,107.12,107.12,107.12,107.12,0
IPO962,20130422,106.32,106.32,106.32,106.32,0
IPO962,20130423,106.00,106.00,106.00,106.00,0
IPO962,20130424,107.16,107.16,107.16,107.16,0
IPO962,20130425,107.39,107.39,107.39,107.39,0
IPO962,20130426,108.24,108.24,108.24,108.24,0
IPO962,20130429,109.08,109.08,109.08,109.08,0
IPO962,20130430,110.93,110.93,110.93,110.93,0
IPO962,20130502,110.65,110.65,110.65,110.65,0
IPO962,20130506,111.38,111.38,111.38,111.38,0
IPO962,20130507,112.07,112.07,112.07,112.07,0
IPO962,20130508,112.07,112.07,112.07,112.07,0
IPO962,20130509,111.88,111.88,111.88,111.88,0
IPO962,20130510,111.49,111.49,111.49,111.49,0
IPO962,20130513,112.16,112.16,112.16,112.16,0
IPO962,20130514,113.34,113.34,113.34,113.34,0
IPO962,20130515,114.38,114.38,114.38,114.38,0
IPO962,20130516,114.26,114.26,114.26,114.26,0
IPO962,20130517,114.43,114.43,114.43,114.43,0
IPO962,20130520,114.12,114.12,114.12,114.12,0
IPO962,20130521,113.78,113.78,113.78,113.78,0
IPO962,20130522,114.04,114.04,114.04,114.04,0
IPO962,20130523,113.76,113.76,113.76,113.76,0
IPO962,20130524,115.32,115.32,115.32,115.32,0
IPO962,20130527,118.30,118.30,118.30,118.30,0
IPO962,20130528,119.80,119.80,119.80,119.80,0
IPO962,20130529,120.19,120.19,120.19,120.19,0
IPO962,20130531,120.32,120.32,120.32,120.32,0
IPO962,20130603,118.30,118.30,118.30,118.30,0
IPO962,20130604,120.08,120.08,120.08,120.08,0
IPO962,20130605,119.70,119.70,119.70,119.70,0
IPO962,20130606,118.77,118.77,118.77,118.77,0
IPO962,20130607,121.72,121.72,121.72,121.72,0
IPO962,20130610,122.69,122.69,122.69,122.69,0
IPO962,20130611,121.79,121.79,121.79,121.79,0
IPO962,20130612,122.26,122.26,122.26,122.26,0
IPO962,20130613,121.84,121.84,121.84,121.84,0
IPO962,20130614,121.61,121.61,121.61,121.61,0
IPO962,20130617,121.82,121.82,121.82,121.82,0
IPO962,20130618,121.93,121.93,121.93,121.93,0
IPO962,20130619,120.38,120.38,120.38,120.38,0
IPO962,20130620,113.46,113.46,113.46,113.46,0
IPO962,20130621,111.37,111.37,111.37,111.37,0
IPO962,20130624,111.21,111.21,111.21,111.21,0
IPO962,20130625,111.95,111.95,111.95,111.95,0
IPO962,20130626,111.43,111.43,111.43,111.43,0
IPO962,20130627,108.63,108.63,108.63,108.63,0
IPO962,20130628,111.09,111.09,111.09,111.09,0
IPO962,20130701,111.81,111.81,111.81,111.81,0
IPO962,20130702,112.75,112.75,112.75,112.75,0
IPO962,20130703,112.08,112.08,112.08,112.08,0
IPO962,20130704,112.91,112.91,112.91,112.91,0
IPO962,20130705,111.60,111.60,111.60,111.60,0
IPO962,20130708,110.87,110.87,110.87,110.87,0
IPO962,20130709,110.16,110.16,110.16,110.16,0
IPO962,20130710,111.66,111.66,111.66,111.66,0
IPO962,20130711,112.76,112.76,112.76,112.76,0
IPO962,20130712,113.84,113.84,113.84,113.84,0
IPO962,20130715,114.53,114.53,114.53,114.53,0
IPO962,20130716,114.20,114.20,114.20,114.20,0
IPO962,20130717,114.28,114.28,114.28,114.28,0
IPO962,20130718,114.32,114.32,114.32,114.32,0
IPO962,20130719,114.52,114.52,114.52,114.52,0
IPO962,20130722,114.50,114.50,114.50,114.50,0
IPO962,20130723,115.21,115.21,115.21,115.21,0
IPO962,20130724,115.88,115.88,115.88,115.88,0
IPO962,20130725,115.71,115.71,115.71,115.71,0
IPO962,20130726,115.13,115.13,115.13,115.13,0
IPO962,20130729,116.00,116.00,116.00,116.00,0
IPO962,20130730,116.54,116.54,116.54,116.54,0
IPO962,20130731,117.25,117.25,117.25,117.25,0
IPO962,20130801,116.89,116.89,116.89,116.89,0
IPO962,20130802,118.75,118.75,118.75,118.75,0
IPO962,20130805,118.77,118.77,118.77,118.77,0
IPO962,20130806,117.73,117.73,117.73,117.73,0
IPO962,20130807,118.40,118.40,118.40,118.40,0
IPO962,20130808,119.08,119.08,119.08,119.08,0
IPO962,20130809,119.75,119.75,119.75,119.75,0
IPO962,20130812,120.74,120.74,120.74,120.74,0
IPO962,20130813,120.84,120.84,120.84,120.84,0
IPO962,20130814,121.57,121.57,121.57,121.57,0
IPO962,20130816,121.13,121.13,121.13,121.13,0
IPO962,20130819,120.80,120.80,120.80,120.80,0
IPO962,20130820,120.23,120.23,120.23,120.23,0
IPO962,20130821,121.00,121.00,121.00,121.00,0
IPO962,20130822,122.44,122.44,122.44,122.44,0
IPO962,20130823,122.05,122.05,122.05,122.05,0
IPO962,20130826,122.01,122.01,122.01,122.01,0
IPO962,20130827,120.63,120.63,120.63,120.63,0
IPO962,20130828,120.68,120.68,120.68,120.68,0
IPO962,20130829,121.51,121.51,121.51,121.51,0
IPO962,20130830,121.40,121.40,121.40,121.40,0
IPO962,20130902,122.32,122.32,122.32,122.32,0
IPO962,20130903,121.99,121.99,121.99,121.99,0
IPO962,20130904,119.93,119.93,119.93,119.93,0
IPO962,20130905,115.57,115.57,115.57,115.57,0
IPO962,20130906,117.66,117.66,117.66,117.66,0
IPO962,20130909,119.76,119.76,119.76,119.76,0
IPO962,20130910,121.49,121.49,121.49,121.49,0
IPO962,20130911,122.13,122.13,122.13,122.13,0
IPO962,20130912,122.53,122.53,122.53,122.53,0
IPO962,20130913,121.73,121.73,121.73,121.73,0
IPO962,20130916,120.91,120.91,120.91,120.91,0
IPO962,20130917,121.84,121.84,121.84,121.84,0
IPO962,20130918,121.73,121.73,121.73,121.73,0
IPO962,20130919,123.01,123.01,123.01,123.01,0
IPO962,20130920,123.10,123.10,123.10,123.10,0
IPO962,20130923,122.84,122.84,122.84,122.84,0
IPO962,20130924,122.58,122.58,122.58,122.58,0
IPO962,20130925,122.90,122.90,122.90,122.90,0
IPO962,20130926,123.60,123.60,123.60,123.60,0
IPO962,20130927,124.17,124.17,124.17,124.17,0
IPO962,20130930,124.32,124.32,124.32,124.32,0
IPO962,20131001,124.05,124.05,124.05,124.05,0
IPO962,20131002,123.91,123.91,123.91,123.91,0
IPO962,20131003,124.09,124.09,124.09,124.09,0
IPO962,20131004,124.10,124.10,124.10,124.10,0
IPO962,20131007,123.90,123.90,123.90,123.90,0
IPO962,20131008,123.29,123.29,123.29,123.29,0
IPO962,20131009,123.48,123.48,123.48,123.48,0
IPO962,20131010,125.00,125.00,125.00,125.00,0
IPO962,20131011,125.46,125.46,125.46,125.46,0
IPO962,20131014,125.32,125.32,125.32,125.32,0
IPO962,20131015,125.88,125.88,125.88,125.88,0
IPO962,20131016,126.14,126.14,126.14,126.14,0
IPO962,20131017,126.09,126.09,126.09,126.09,0
IPO962,20131018,126.04,126.04,126.04,126.04,0
IPO962,20131021,127.52,127.52,127.52,127.52,0
IPO962,20131022,127.96,127.96,127.96,127.96,0
IPO962,20131023,127.04,127.04,127.04,127.04,0
IPO962,20131024,128.85,128.85,128.85,128.85,0
IPO962,20131025,128.67,128.67,128.67,128.67,0
IPO962,20131028,128.72,128.72,128.72,128.72,0
IPO962,20131029,129.78,129.78,129.78,129.78,0
IPO962,20131030,129.57,129.57,129.57,129.57,0
IPO962,20131031,129.02,129.02,129.02,129.02,0
IPO962,20131104,129.35,129.35,129.35,129.35,0
IPO962,20131105,128.24,128.24,128.24,128.24,0
IPO962,20131106,128.60,128.60,128.60,128.60,0
IPO962,20131107,127.99,127.99,127.99,127.99,0
IPO962,20131108,128.01,128.01,128.01,128.01,0
IPO962,20131112,127.59,127.59,127.59,127.59,0
IPO962,20131113,125.70,125.70,125.70,125.70,0
IPO962,20131114,126.31,126.31,126.31,126.31,0
IPO962,20131115,128.33,128.33,128.33,128.33,0
IPO962,20131118,130.24,130.24,130.24,130.24,0
IPO962,20131119,129.51,129.51,129.51,129.51,0
IPO962,20131120,129.53,129.53,129.53,129.53,0
IPO962,20131121,129.30,129.30,129.30,129.30,0
IPO962,20131122,129.56,129.56,129.56,129.56,0
IPO962,20131125,130.63,130.63,130.63,130.63,0
IPO962,20131126,129.45,129.45,129.45,129.45,0
IPO962,20131127,129.48,129.48,129.48,129.48,0
IPO962,20131128,129.41,129.41,129.41,129.41,0
IPO962,20131129,131.07,131.07,131.07,131.07,0
IPO962,20131202,129.58,129.58,129.58,129.58,0
IPO962,20131203,128.18,128.18,128.18,128.18,0
IPO962,20131204,127.61,127.61,127.61,127.61,0
IPO962,20131205,127.28,127.28,127.28,127.28,0
IPO962,20131206,127.57,127.57,127.57,127.57,0
IPO962,20131209,127.62,127.62,127.62,127.62,0
IPO962,20131210,126.95,126.95,126.95,126.95,0
IPO962,20131211,126.32,126.32,126.32,126.32,0
IPO962,20131212,124.50,124.50,124.50,124.50,0
IPO962,20131213,124.15,124.15,124.15,124.15,0
IPO962,20131216,123.77,123.77,123.77,123.77,0
IPO962,20131217,120.82,120.82,120.82,120.82,0
IPO962,20131218,120.95,120.95,120.95,120.95,0
IPO962,20131219,119.76,119.76,119.76,119.76,0
IPO962,20131220,120.51,120.51,120.51,120.51,0
IPO962,20131223,122.02,122.02,122.02,122.02,0
IPO962,20131227,122.21,122.21,122.21,122.21,0
IPO962,20131230,122.63,122.63,122.63,122.63,0
IPO962,20140102,123.81,123.81,123.81,123.81,0
IPO962,20140103,122.88,122.88,122.88,122.88,0
IPO962,20140107,120.16,120.16,120.16,120.16,0
IPO962,20140108,119.97,119.97,119.97,119.97,0
IPO962,20140109,118.11,118.11,118.11,118.11,0
IPO962,20140110,118.02,118.02,118.02,118.02,0
IPO962,20140113,119.80,119.80,119.80,119.80,0
IPO962,20140114,119.86,119.86,119.86,119.86,0
IPO962,20140115,120.34,120.34,120.34,120.34,0
IPO962,20140116,121.07,121.07,121.07,121.07,0
IPO962,20140117,120.14,120.14,120.14,120.14,0
IPO962,20140120,120.40,120.40,120.40,120.40,0
IPO962,20140121,121.94,121.94,121.94,121.94,0
IPO962,20140122,122.90,122.90,122.90,122.90,0
IPO962,20140123,122.60,122.60,122.60,122.60,0
IPO962,20140124,120.36,120.36,120.36,120.36,0
IPO962,20140127,118.58,118.58,118.58,118.58,0
IPO962,20140128,119.86,119.86,119.86,119.86,0
IPO962,20140129,119.13,119.13,119.13,119.13,0
IPO962,20140130,120.43,120.43,120.43,120.43,0
IPO962,20140131,121.51,121.51,121.51,121.51,0
IPO962,20140203,122.14,122.14,122.14,122.14,0
IPO962,20140204,121.23,121.23,121.23,121.23,0
IPO962,20140205,121.49,121.49,121.49,121.49,0
IPO962,20140206,124.09,124.09,124.09,124.09,0
IPO962,20140207,124.33,124.33,124.33,124.33,0
IPO962,20140210,123.61,123.61,123.61,123.61,0
IPO962,20140211,124.48,124.48,124.48,124.48,0
IPO962,20140212,126.05,126.05,126.05,126.05,0
IPO962,20140213,126.16,126.16,126.16,126.16,0
IPO962,20140214,126.23,126.23,126.23,126.23,0
IPO962,20140217,126.22,126.22,126.22,126.22,0
IPO962,20140218,125.31,125.31,125.31,125.31,0
IPO962,20140219,126.00,126.00,126.00,126.00,0
IPO962,20140220,125.10,125.10,125.10,125.10,0
IPO962,20140221,126.31,126.31,126.31,126.31,0
IPO962,20140224,127.47,127.47,127.47,127.47,0
IPO962,20140225,126.75,126.75,126.75,126.75,0
IPO962,20140226,124.84,124.84,124.84,124.84,0
IPO962,20140227,124.60,124.60,124.60,124.60,0
IPO962,20140228,126.74,126.74,126.74,126.74,0
IPO962,20140303,119.62,119.62,119.62,119.62,0
IPO962,20140304,122.19,122.19,122.19,122.19,0
IPO962,20140305,122.55,122.55,122.55,122.55,0
IPO962,20140306,122.74,122.74,122.74,122.74,0
IPO962,20140307,121.18,121.18,121.18,121.18,0
IPO962,20140310,118.86,118.86,118.86,118.86,0
IPO962,20140311,118.99,118.99,118.99,118.99,0
IPO962,20140312,117.21,117.21,117.21,117.21,0
IPO962,20140313,115.92,115.92,115.92,115.92,0
IPO962,20140314,114.95,114.95,114.95,114.95,0
IPO962,20140317,118.23,118.23,118.23,118.23,0
IPO962,20140318,117.84,117.84,117.84,117.84,0
IPO962,20140319,116.76,116.76,116.76,116.76,0
IPO962,20140320,117.30,117.30,117.30,117.30,0
IPO962,20140321,117.12,117.12,117.12,117.12,0
IPO962,20140324,116.89,116.89,116.89,116.89,0
IPO962,20140325,118.66,118.66,118.66,118.66,0
IPO962,20140326,120.14,120.14,120.14,120.14,0
IPO962,20140327,119.89,119.89,119.89,119.89,0
IPO962,20140328,120.32,120.32,120.32,120.32,0
IPO962,20140331,121.80,121.80,121.80,121.80,0
IPO962,20140401,122.00,122.00,122.00,122.00,0
IPO962,20140402,122.25,122.25,122.25,122.25,0
IPO962,20140403,121.29,121.29,121.29,121.29,0
IPO962,20140404,121.40,121.40,121.40,121.40,0
IPO962,20140407,120.58,120.58,120.58,120.58,0
IPO962,20140408,121.03,121.03,121.03,121.03,0
IPO962,20140409,121.27,121.27,121.27,121.27,0
IPO962,20140410,121.83,121.83,121.83,121.83,0
IPO962,20140411,121.13,121.13,121.13,121.13,0
IPO962,20140414,119.52,119.52,119.52,119.52,0
IPO962,20140415,118.52,118.52,118.52,118.52,0
IPO962,20140416,117.56,117.56,117.56,117.56,0
IPO962,20140417,119.01,119.01,119.01,119.01,0
IPO962,20140422,120.10,120.10,120.10,120.10,0
IPO962,20140423,119.93,119.93,119.93,119.93,0
IPO962,20140424,119.27,119.27,119.27,119.27,0
IPO962,20140425,118.88,118.88,118.88,118.88,0
IPO962,20140428,118.67,118.67,118.67,118.67,0
IPO962,20140429,119.19,119.19,119.19,119.19,0
IPO962,20140430,119.40,119.40,119.40,119.40,0
IPO962,20140502,119.05,119.05,119.05,119.05,0
IPO962,20140505,117.52,117.52,117.52,117.52,0
IPO962,20140506,116.74,116.74,116.74,116.74,0
IPO962,20140507,115.90,115.90,115.90,115.90,0
IPO962,20140508,116.07,116.07,116.07,116.07,0
IPO962,20140509,115.10,115.10,115.10,115.10,0
IPO962,20140512,115.74,115.74,115.74,115.74,0
IPO962,20140513,116.10,116.10,116.10,116.10,0
IPO962,20140514,116.35,116.35,116.35,116.35,0
IPO962,20140515,115.48,115.48,115.48,115.48,0
IPO962,20140516,114.90,114.90,114.90,114.90,0
IPO962,20140519,115.01,115.01,115.01,115.01,0
IPO962,20140520,115.49,115.49,115.49,115.49,0
IPO962,20140521,115.81,115.81,115.81,115.81,0
IPO962,20140522,117.34,117.34,117.34,117.34,0
IPO962,20140523,117.77,117.77,117.77,117.77,0
IPO962,20140526,118.43,118.43,118.43,118.43,0
IPO962,20140527,118.28,118.28,118.28,118.28,0
IPO962,20140528,117.60,117.60,117.60,117.60,0
IPO962,20140529,118.27,118.27,118.27,118.27,0
IPO962,20140530,117.62,117.62,117.62,117.62,0
IPO962,20140602,117.27,117.27,117.27,117.27,0
IPO962,20140603,117.63,117.63,117.63,117.63,0
IPO962,20140604,117.90,117.90,117.90,117.90,0
IPO962,20140605,118.47,118.47,118.47,118.47,0
IPO962,20140606,119.19,119.19,119.19,119.19,0
IPO962,20140609,118.79,118.79,118.79,118.79,0
IPO962,20140610,119.22,119.22,119.22,119.22,0
IPO962,20140611,118.80,118.80,118.80,118.80,0
IPO962,20140612,118.52,118.52,118.52,118.52,0
IPO962,20140613,118.08,118.08,118.08,118.08,0
IPO962,20140616,117.77,117.77,117.77,117.77,0
IPO962,20140617,118.17,118.17,118.17,118.17,0
IPO962,20140618,118.38,118.38,118.38,118.38,0
IPO962,20140620,118.49,118.49,118.49,118.49,0
IPO962,20140623,118.66,118.66,118.66,118.66,0
IPO962,20140624,118.08,118.08,118.08,118.08,0
IPO962,20140625,116.51,116.51,116.51,116.51,0
IPO962,20140626,116.04,116.04,116.04,116.04,0
IPO962,20140627,115.75,115.75,115.75,115.75,0
IPO962,20140630,115.96,115.96,115.96,115.96,0
IPO962,20140701,115.34,115.34,115.34,115.34,0
IPO962,20140702,114.53,114.53,114.53,114.53,0
IPO962,20140703,114.20,114.20,114.20,114.20,0
IPO962,20140704,114.28,114.28,114.28,114.28,0
IPO962,20140707,114.83,114.83,114.83,114.83,0
IPO962,20140708,114.24,114.24,114.24,114.24,0
IPO962,20140709,113.52,113.52,113.52,113.52,0
IPO962,20140710,112.96,112.96,112.96,112.96,0
IPO962,20140711,114.42,114.42,114.42,114.42,0
IPO962,20140714,114.95,114.95,114.95,114.95,0
IPO962,20140715,115.08,115.08,115.08,115.08,0
IPO962,20140716,114.89,114.89,114.89,114.89,0
IPO962,20140717,114.88,114.88,114.88,114.88,0
IPO962,20140718,114.60,114.60,114.60,114.60,0
IPO962,20140721,114.18,114.18,114.18,114.18,0
IPO962,20140722,115.18,115.18,115.18,115.18,0
IPO962,20140723,114.76,114.76,114.76,114.76,0
IPO962,20140724,114.68,114.68,114.68,114.68,0
IPO962,20140725,114.62,114.62,114.62,114.62,0
IPO962,20140728,114.44,114.44,114.44,114.44,0
IPO962,20140729,113.95,113.95,113.95,113.95,0
IPO962,20140730,112.16,112.16,112.16,112.16,0
IPO962,20140731,111.51,111.51,111.51,111.51,0
IPO962,20140801,112.24,112.24,112.24,112.24,0
IPO962,20140804,113.05,113.05,113.05,113.05,0
IPO962,20140805,112.76,112.76,112.76,112.76,0
IPO962,20140806,112.30,112.30,112.30,112.30,0
IPO962,20140807,111.19,111.19,111.19,111.19,0
IPO962,20140808,110.05,110.05,110.05,110.05,0
IPO962,20140811,111.65,111.65,111.65,111.65,0
IPO962,20140812,111.48,111.48,111.48,111.48,0
IPO962,20140813,112.38,112.38,112.38,112.38,0
IPO962,20140814,113.46,113.46,113.46,113.46,0
IPO962,20140818,114.72,114.72,114.72,114.72,0
IPO962,20140820,115.18,115.18,115.18,115.18,0
IPO962,20140821,115.19,115.19,115.19,115.19,0
IPO962,20140822,114.88,114.88,114.88,114.88,0
IPO962,20140825,115.23,115.23,115.23,115.23,0
IPO962,20140826,116.14,116.14,116.14,116.14,0
IPO962,20140827,116.57,116.57,116.57,116.57,0
IPO962,20140828,114.41,114.41,114.41,114.41,0
IPO962,20140829,114.41,114.41,114.41,114.41,0
IPO962,20140901,115.44,115.44,115.44,115.44,0
IPO962,20140902,115.77,115.77,115.77,115.77,0
IPO962,20140903,118.15,118.15,118.15,118.15,0
IPO962,20140904,119.39,119.39,119.39,119.39,0
IPO962,20140905,119.55,119.55,119.55,119.55,0
IPO962,20140908,119.89,119.89,119.89,119.89,0
IPO962,20140909,119.82,119.82,119.82,119.82,0
IPO962,20140910,120.22,120.22,120.22,120.22,0
IPO962,20140918,121.32,121.32,121.32,121.32,0
IPO962,20140919,122.31,122.31,122.31,122.31,0
IPO962,20140922,121.41,121.41,121.41,121.41,0
IPO962,20140923,120.07,120.07,120.07,120.07,0
IPO962,20140924,119.87,119.87,119.87,119.87,0
IPO962,20140925,119.93,119.93,119.93,119.93,0
IPO962,20140929,120.30,120.30,120.30,120.30,0
IPO962,20140930,120.65,120.65,120.65,120.65,0
IPO962,20141001,119.29,119.29,119.29,119.29,0
IPO962,20141002,118.03,118.03,118.03,118.03,0
IPO962,20141006,119.19,119.19,119.19,119.19,0
IPO962,20141007,118.76,118.76,118.76,118.76,0
IPO962,20141008,117.59,117.59,117.59,117.59,0
IPO962,20141009,118.01,118.01,118.01,118.01,0
IPO962,20141010,116.73,116.73,116.73,116.73,0
IPO962,20141013,116.52,116.52,116.52,116.52,0
IPO962,20141014,116.69,116.69,116.69,116.69,0
IPO962,20141015,115.85,115.85,115.85,115.85,0
IPO962,20141016,115.54,115.54,115.54,115.54,0
IPO962,20141017,116.31,116.31,116.31,116.31,0
IPO962,20141020,115.88,115.88,115.88,115.88,0
IPO962,20141021,117.44,117.44,117.44,117.44,0
IPO962,20141022,117.65,117.65,117.65,117.65,0
IPO962,20141023,117.68,117.68,117.68,117.68,0
IPO962,20141024,117.56,117.56,117.56,117.56,0
IPO962,20141027,117.79,117.79,117.79,117.79,0
IPO962,20141028,118.34,118.34,118.34,118.34,0
IPO962,20141029,118.00,118.00,118.00,118.00,0
IPO962,20141030,117.87,117.87,117.87,117.87,0
IPO962,20141031,118.64,118.64,118.64,118.64,0
IPO962,20141103,118.67,118.67,118.67,118.67,0
IPO962,20141104,118.75,118.75,118.75,118.75,0
IPO962,20141105,118.20,118.20,118.20,118.20,0
IPO962,20141106,117.97,117.97,117.97,117.97,0
IPO962,20141107,117.52,117.52,117.52,117.52,0
IPO962,20141110,117.38,117.38,117.38,117.38,0
IPO962,20141112,117.02,117.02,117.02,117.02,0
IPO962,20141113,116.84,116.84,116.84,116.84,0
IPO962,20141114,117.42,117.42,117.42,117.42,0
IPO962,20141117,117.02,117.02,117.02,117.02,0
IPO962,20141118,117.55,117.55,117.55,117.55,0
IPO962,20141119,117.26,117.26,117.26,117.26,0
IPO962,20141120,116.24,116.24,116.24,116.24,0
IPO962,20141121,117.09,117.09,117.09,117.09,0
IPO962,20141124,116.97,116.97,116.97,116.97,0
IPO962,20141125,116.91,116.91,116.91,116.91,0
IPO962,20141126,117.35,117.35,117.35,117.35,0
IPO962,20141127,117.75,117.75,117.75,117.75,0
IPO962,20141128,117.52,117.52,117.52,117.52,0
IPO962,20141201,117.13,117.13,117.13,117.13,0
IPO962,20141202,118.20,118.20,118.20,118.20,0
IPO962,20141203,118.39,118.39,118.39,118.39,0
IPO962,20141204,117.68,117.68,117.68,117.68,0
IPO962,20141205,118.31,118.31,118.31,118.31,0
IPO962,20141208,117.89,117.89,117.89,117.89,0
IPO962,20141209,117.00,117.00,117.00,117.00,0
IPO962,20141210,116.05,116.05,116.05,116.05,0
IPO962,20141211,116.09,116.09,116.09,116.09,0
IPO962,20141212,115.57,115.57,115.57,115.57,0
IPO962,20141215,114.34,114.34,114.34,114.34,0
IPO962,20141216,112.82,112.82,112.82,112.82,0
IPO962,20141217,113.22,113.22,113.22,113.22,0
IPO962,20141218,114.86,114.86,114.86,114.86,0
IPO962,20141219,114.06,114.06,114.06,114.06,0
IPO962,20141222,114.28,114.28,114.28,114.28,0
IPO962,20141223,114.36,114.36,114.36,114.36,0
IPO962,20141229,113.67,113.67,113.67,113.67,0
IPO962,20141230,114.18,114.18,114.18,114.18,0
IPO962,20150102,114.16,114.16,114.16,114.16,0
IPO962,20150105,112.49,112.49,112.49,112.49,0
IPO962,20150107,113.98,113.98,113.98,113.98,0
IPO962,20150108,116.04,116.04,116.04,116.04,0
IPO962,20150109,115.49,115.49,115.49,115.49,0
IPO962,20150112,115.08,115.08,115.08,115.08,0
IPO962,20150113,116.30,116.30,116.30,116.30,0
IPO962,20150114,115.14,115.14,115.14,115.14,0
IPO962,20150115,112.69,112.69,112.69,112.69,0
IPO962,20150116,112.06,112.06,112.06,112.06,0
IPO962,20150119,112.02,112.02,112.02,112.02,0
IPO962,20150120,111.72,111.72,111.72,111.72,0
IPO962,20150121,113.47,113.47,113.47,113.47,0
IPO962,20150122,114.62,114.62,114.62,114.62,0
IPO962,20150123,115.22,115.22,115.22,115.22,0
IPO962,20150126,115.11,115.11,115.11,115.11,0
IPO962,20150127,115.19,115.19,115.19,115.19,0
IPO962,20150128,115.57,115.57,115.57,115.57,0
IPO962,20150129,116.26,116.26,116.26,116.26,0
IPO962,20150130,116.39,116.39,116.39,116.39,0
IPO962,20150202,115.98,115.98,115.98,115.98,0
IPO962,20150203,116.16,116.16,116.16,116.16,0
IPO962,20150204,116.21,116.21,116.21,116.21,0
IPO962,20150205,116.39,116.39,116.39,116.39,0
IPO962,20150206,116.93,116.93,116.93,116.93,0
IPO962,20150209,116.32,116.32,116.32,116.32,0
IPO962,20150210,116.26,116.26,116.26,116.26,0
IPO962,20150211,115.89,115.89,115.89,115.89,0
IPO962,20150212,116.45,116.45,116.45,116.45,0
IPO962,20150213,116.93,116.93,116.93,116.93,0
IPO962,20150216,117.51,117.51,117.51,117.51,0
IPO962,20150217,117.47,117.47,117.47,117.47,0
IPO962,20150218,117.17,117.17,117.17,117.17,0
IPO962,20150219,117.42,117.42,117.42,117.42,0
IPO962,20150220,117.37,117.37,117.37,117.37,0
IPO962,20150223,118.12,118.12,118.12,118.12,0
IPO962,20150224,118.41,118.41,118.41,118.41,0
IPO962,20150225,118.28,118.28,118.28,118.28,0
IPO962,20150226,118.78,118.78,118.78,118.78,0
IPO962,20150227,119.56,119.56,119.56,119.56,0
IPO962,20150302,120.03,120.03,120.03,120.03,0
IPO962,20150303,118.93,118.93,118.93,118.93,0
IPO962,20150304,120.17,120.17,120.17,120.17,0
IPO962,20150305,120.88,120.88,120.88,120.88,0
IPO962,20150306,120.59,120.59,120.59,120.59,0
IPO962,20150309,120.63,120.63,120.63,120.63,0
IPO962,20150310,119.55,119.55,119.55,119.55,0
IPO962,20150311,120.15,120.15,120.15,120.15,0
IPO962,20150312,120.39,120.39,120.39,120.39,0
IPO962,20150313,119.79,119.79,119.79,119.79,0
IPO962,20150316,120.15,120.15,120.15,120.15,0
IPO962,20150317,120.51,120.51,120.51,120.51,0
IPO962,20150318,120.73,120.73,120.73,120.73,0
IPO962,20150319,122.29,122.29,122.29,122.29,0
IPO962,20150320,122.80,122.80,122.80,122.80,0
IPO962,20150323,122.94,122.94,122.94,122.94,0
IPO962,20150324,122.49,122.49,122.49,122.49,0
IPO962,20150325,121.83,121.83,121.83,121.83,0
IPO962,20150326,120.82,120.82,120.82,120.82,0
IPO962,20150327,120.74,120.74,120.74,120.74,0
IPO962,20150330,121.75,121.75,121.75,121.75,0
IPO962,20150331,121.68,121.68,121.68,121.68,0
IPO962,20150401,121.64,121.64,121.64,121.64,0
IPO962,20150402,121.88,121.88,121.88,121.88,0
IPO962,20150407,122.30,122.30,122.30,122.30,0
IPO962,20150408,122.55,122.55,122.55,122.55,0
IPO962,20150409,123.47,123.47,123.47,123.47,0
IPO962,20150410,123.56,123.56,123.56,123.56,0
IPO962,20150413,123.34,123.34,123.34,123.34,0
IPO962,20150414,123.06,123.06,123.06,123.06,0
IPO962,20150415,124.28,124.28,124.28,124.28,0
IPO962,20150416,125.23,125.23,125.23,125.23,0
IPO962,20150417,124.31,124.31,124.31,124.31,0
IPO962,20150420,125.60,125.60,125.60,125.60,0
IPO962,20150421,125.51,125.51,125.51,125.51,0
IPO962,20150422,125.97,125.97,125.97,125.97,0
IPO962,20150423,126.04,126.04,126.04,126.04,0
IPO962,20150424,126.20,126.20,126.20,126.20,0
IPO962,20150427,126.99,126.99,126.99,126.99,0
IPO962,20150428,126.79,126.79,126.79,126.79,0
IPO962,20150429,126.00,126.00,126.00,126.00,0
IPO962,20150430,125.86,125.86,125.86,125.86,0
IPO962,20150504,126.46,126.46,126.46,126.46,0
IPO962,20150505,125.82,125.82,125.82,125.82,0
IPO962,20150506,126.78,126.78,126.78,126.78,0
IPO962,20150507,126.91,126.91,126.91,126.91,0
IPO962,20150508,128.23,128.23,128.23,128.23,0
IPO962,20150511,128.13,128.13,128.13,128.13,0
IPO962,20150512,128.11,128.11,128.11,128.11,0
IPO962,20150513,128.11,128.11,128.11,128.11,0
IPO962,20150514,127.81,127.81,127.81,127.81,0
IPO962,20150515,127.61,127.61,127.61,127.61,0
IPO962,20150518,127.70,127.70,127.70,127.70,0
IPO962,20150519,127.70,127.70,127.70,127.70,0
IPO962,20150520,127.49,127.49,127.49,127.49,0
IPO962,20150521,127.73,127.73,127.73,127.73,0
IPO962,20150522,127.36,127.36,127.36,127.36,0
IPO962,20150525,125.64,125.64,125.64,125.64,0
IPO962,20150526,124.97,124.97,124.97,124.97,0
IPO962,20150527,125.34,125.34,125.34,125.34,0
IPO962,20150528,124.87,124.87,124.87,124.87,0
IPO962,20150529,124.78,124.78,124.78,124.78,0
IPO962,20150601,124.92,124.92,124.92,124.92,0
IPO962,20150602,123.90,123.90,123.90,123.90,0
IPO962,20150603,123.53,123.53,123.53,123.53,0
IPO962,20150605,122.33,122.33,122.33,122.33,0
IPO962,20150608,121.54,121.54,121.54,121.54,0
IPO962,20150609,120.81,120.81,120.81,120.81,0
IPO962,20150610,122.58,122.58,122.58,122.58,0
IPO962,20150611,122.53,122.53,122.53,122.53,0
IPO962,20150612,121.61,121.61,121.61,121.61,0
IPO962,20150615,121.18,121.18,121.18,121.18,0
IPO962,20150616,121.21,121.21,121.21,121.21,0
IPO962,20150617,119.76,119.76,119.76,119.76,0
IPO962,20150618,120.23,120.23,120.23,120.23,0
IPO962,20150619,119.41,119.41,119.41,119.41,0
IPO962,20150622,121.98,121.98,121.98,121.98,0
IPO962,20150623,122.14,122.14,122.14,122.14,0
IPO962,20150624,121.97,121.97,121.97,121.97,0
IPO962,20150625,122.01,122.01,122.01,122.01,0
IPO962,20150626,121.59,121.59,121.59,121.59,0
IPO962,20150629,119.02,119.02,119.02,119.02,0
IPO962,20150630,119.40,119.40,119.40,119.40,0
IPO962,20150701,119.18,119.18,119.18,119.18,0
IPO962,20150702,119.22,119.22,119.22,119.22,0
IPO962,20150703,118.60,118.60,118.60,118.60,0
IPO962,20150706,118.20,118.20,118.20,118.20,0
IPO962,20150707,115.88,115.88,115.88,115.88,0
IPO962,20150708,115.30,115.30,115.30,115.30,0
IPO962,20150709,116.25,116.25,116.25,116.25,0
IPO962,20150710,118.65,118.65,118.65,118.65,0
IPO962,20150713,119.56,119.56,119.56,119.56,0
IPO962,20150714,119.34,119.34,119.34,119.34,0
IPO962,20150715,119.61,119.61,119.61,119.61,0
IPO962,20150716,121.37,121.37,121.37,121.37,0
IPO962,20150717,121.16,121.16,121.16,121.16,0
IPO962,20150720,120.07,120.07,120.07,120.07,0
IPO962,20150721,119.96,119.96,119.96,119.96,0
IPO962,20150722,117.45,117.45,117.45,117.45,0
IPO962,20150723,117.98,117.98,117.98,117.98,0
IPO962,20150724,117.81,117.81,117.81,117.81,0
IPO962,20150727,117.40,117.40,117.40,117.40,0
IPO962,20150728,117.90,117.90,117.90,117.90,0
IPO962,20150729,118.45,118.45,118.45,118.45,0
IPO962,20150730,118.05,118.05,118.05,118.05,0
IPO962,20150731,119.29,119.29,119.29,119.29,0
IPO962,20150803,119.33,119.33,119.33,119.33,0
IPO962,20150804,119.72,119.72,119.72,119.72,0
IPO962,20150805,121.34,121.34,121.34,121.34,0
IPO962,20150806,118.86,118.86,118.86,118.86,0
IPO962,20150807,118.88,118.88,118.88,118.88,0
IPO962,20150810,120.05,120.05,120.05,120.05,0
IPO962,20150811,119.90,119.90,119.90,119.90,0
IPO962,20150812,118.77,118.77,118.77,118.77,0
IPO962,20150813,119.92,119.92,119.92,119.92,0
IPO962,20150814,119.19,119.19,119.19,119.19,0
IPO962,20150817,118.19,118.19,118.19,118.19,0
IPO962,20150818,117.80,117.80,117.80,117.80,0
IPO962,20150819,118.26,118.26,118.26,118.26,0
IPO962,20150820,118.00,118.00,118.00,118.00,0
IPO962,20150821,116.21,116.21,116.21,116.21,0
IPO962,20150824,109.29,109.29,109.29,109.29,0
IPO962,20150825,111.38,111.38,111.38,111.38,0
IPO962,20150826,111.00,111.00,111.00,111.00,0
IPO962,20150827,113.74,113.74,113.74,113.74,0
IPO962,20150828,114.64,114.64,114.64,114.64,0
IPO962,20150831,115.23,115.23,115.23,115.23,0
IPO962,20150901,112.63,112.63,112.63,112.63,0
IPO962,20150902,112.36,112.36,112.36,112.36,0
IPO962,20150903,114.83,114.83,114.83,114.83,0
IPO962,20150904,113.93,113.93,113.93,113.93,0
IPO962,20150907,113.46,113.46,113.46,113.46,0
IPO962,20150908,113.99,113.99,113.99,113.99,0
IPO962,20150909,114.33,114.33,114.33,114.33,0
IPO962,20150910,115.39,115.39,115.39,115.39,0
IPO962,20150911,115.29,115.29,115.29,115.29,0
IPO962,20150914,115.10,115.10,115.10,115.10,0
IPO962,20150915,115.14,115.14,115.14,115.14,0
IPO962,20150916,115.33,115.33,115.33,115.33,0
IPO962,20150917,116.00,116.00,116.00,116.00,0
IPO962,20150918,114.55,114.55,114.55,114.55,0
IPO962,20150921,114.75,114.75,114.75,114.75,0
IPO962,20150922,112.74,112.74,112.74,112.74,0
IPO962,20150923,111.88,111.88,111.88,111.88,0
IPO962,20150924,110.71,110.71,110.71,110.71,0
IPO962,20150925,111.74,111.74,111.74,111.74,0
IPO962,20150928,110.12,110.12,110.12,110.12,0
IPO962,20150929,110.06,110.06,110.06,110.06,0
IPO962,20150930,111.55,111.55,111.55,111.55,0
IPO962,20151001,110.88,110.88,110.88,110.88,0
IPO962,20151002,110.28,110.28,110.28,110.28,0
IPO962,20151005,112.45,112.45,112.45,112.45,0
IPO962,20151006,113.53,113.53,113.53,113.53,0
IPO962,20151007,113.83,113.83,113.83,113.83,0
IPO962,20151008,114.28,114.28,114.28,114.28,0
IPO962,20151009,115.28,115.28,115.28,115.28,0
IPO962,20151012,114.96,114.96,114.96,114.96,0
IPO962,20151013,114.32,114.32,114.32,114.32,0
IPO962,20151014,113.83,113.83,113.83,113.83,0
IPO962,20151015,114.67,114.67,114.67,114.67,0
IPO962,20151016,114.65,114.65,114.65,114.65,0
IPO962,20151019,114.28,114.28,114.28,114.28,0
IPO962,20151020,114.64,114.64,114.64,114.64,0
IPO962,20151021,114.33,114.33,114.33,114.33,0
IPO962,20151022,114.49,114.49,114.49,114.49,0
IPO962,20151023,114.97,114.97,114.97,114.97,0
IPO962,20151026,114.87,114.87,114.87,114.87,0
IPO962,20151027,114.94,114.94,114.94,114.94,0
IPO962,20151028,114.98,114.98,114.98,114.98,0
IPO962,20151029,113.31,113.31,113.31,113.31,0
IPO962,20151030,113.44,113.44,113.44,113.44,0
IPO962,20151102,114.33,114.33,114.33,114.33,0
IPO962,20151103,113.91,113.91,113.91,113.91,0
IPO962,20151104,114.10,114.10,114.10,114.10,0
IPO962,20151105,113.49,113.49,113.49,113.49,0
IPO962,20151106,112.77,112.77,112.77,112.77,0
IPO962,20151109,112.14,112.14,112.14,112.14,0
IPO962,20151110,112.30,112.30,112.30,112.30,0
IPO962,20151112,112.02,112.02,112.02,112.02,0
IPO962,20151113,110.98,110.98,110.98,110.98,0
IPO962,20151116,110.56,110.56,110.56,110.56,0
IPO962,20151117,111.65,111.65,111.65,111.65,0
IPO962,20151118,112.03,112.03,112.03,112.03,0
IPO962,20151119,111.92,111.92,111.92,111.92,0
IPO962,20151120,112.43,112.43,112.43,112.43,0
IPO962,20151123,110.81,110.81,110.81,110.81,0
IPO962,20151124,109.47,109.47,109.47,109.47,0
IPO962,20151125,109.74,109.74,109.74,109.74,0
IPO962,20151126,110.62,110.62,110.62,110.62,0
IPO962,20151127,110.00,110.00,110.00,110.00,0
IPO962,20151130,109.92,109.92,109.92,109.92,0
IPO962,20151201,109.79,109.79,109.79,109.79,0
IPO962,20151202,108.30,108.30,108.30,108.30,0
IPO962,20151203,107.41,107.41,107.41,107.41,0
IPO962,20151204,107.21,107.21,107.21,107.21,0
IPO962,20151207,107.07,107.07,107.07,107.07,0
IPO962,20151208,105.45,105.45,105.45,105.45,0
IPO962,20151209,103.37,103.37,103.37,103.37,0
IPO962,20151210,104.37,104.37,104.37,104.37,0
IPO962,20151211,102.38,102.38,102.38,102.38,0
IPO962,20151214,101.42,101.42,101.42,101.42,0
IPO962,20151215,102.28,102.28,102.28,102.28,0
IPO962,20151216,103.58,103.58,103.58,103.58,0
IPO962,20151217,105.53,105.53,105.53,105.53,0
IPO962,20151218,105.99,105.99,105.99,105.99,0
IPO962,20151221,106.39,106.39,106.39,106.39,0
IPO962,20151222,106.94,106.94,106.94,106.94,0
IPO962,20151223,107.33,107.33,107.33,107.33,0
IPO962,20151228,107.33,107.33,107.33,107.33,0
IPO962,20151229,108.35,108.35,108.35,108.35,0
IPO962,20151230,107.44,107.44,107.44,107.44,0
IPO962,20160104,104.86,104.86,104.86,104.86,0
IPO962,20160105,104.33,104.33,104.33,104.33,0
IPO962,20160107,102.11,102.11,102.11,102.11,0
IPO962,20160108,101.29,101.29,101.29,101.29,0
IPO962,20160111,99.97,99.97,99.97,99.97,0
IPO962,20160112,102.13,102.13,102.13,102.13,0
IPO962,20160113,102.97,102.97,102.97,102.97,0
IPO962,20160114,102.40,102.40,102.40,102.40,0
IPO962,20160115,100.62,100.62,100.62,100.62,0
IPO962,20160118,98.11,98.11,98.11,98.11,0
IPO962,20160119,98.76,98.76,98.76,98.76,0
IPO962,20160120,97.34,97.34,97.34,97.34,0
IPO962,20160121,97.47,97.47,97.47,97.47,0
IPO962,20160122,99.30,99.30,99.30,99.30,0
IPO962,20160125,99.83,99.83,99.83,99.83,0
IPO962,20160126,99.33,99.33,99.33,99.33,0
IPO962,20160127,99.83,99.83,99.83,99.83,0
IPO962,20160128,100.60,100.60,100.60,100.60,0
IPO962,20160129,101.67,101.67,101.67,101.67,0
IPO962,20160201,101.74,101.74,101.74,101.74,0
IPO962,20160202,100.29,100.29,100.29,100.29,0
IPO962,20160203,100.44,100.44,100.44,100.44,0
IPO962,20160204,102.12,102.12,102.12,102.12,0
IPO962,20160205,102.25,102.25,102.25,102.25,0
IPO962,20160208,100.86,100.86,100.86,100.86,0
IPO962,20160209,100.48,100.48,100.48,100.48,0
IPO962,20160210,100.35,100.35,100.35,100.35,0
