Name,Date,Open,High,Low,Close,Volume
NOB018,20140505,100.03,100.03,100.03,100.03,0
NOB018,20140506,100.04,100.04,100.04,100.04,0
NOB018,20140507,100.04,100.04,100.04,100.04,0
NOB018,20140508,100.05,100.05,100.05,100.05,0
NOB018,20140509,100.05,100.05,100.05,100.05,0
NOB018,20140512,100.06,100.06,100.06,100.06,0
NOB018,20140513,100.29,100.29,100.29,100.29,0
NOB018,20140514,100.30,100.30,100.30,100.30,0
NOB018,20140515,99.87,99.87,99.87,99.87,0
NOB018,20140516,99.91,99.91,99.91,99.91,0
NOB018,20140519,99.90,99.90,99.90,99.90,0
NOB018,20140520,99.57,99.57,99.57,99.57,0
NOB018,20140521,99.97,99.97,99.97,99.97,0
NOB018,20140522,100.27,100.27,100.27,100.27,0
NOB018,20140523,100.33,100.33,100.33,100.33,0
NOB018,20140526,100.39,100.39,100.39,100.39,0
NOB018,20140527,100.35,100.35,100.35,100.35,0
NOB018,20140528,100.45,100.45,100.45,100.45,0
NOB018,20140529,100.58,100.58,100.58,100.58,0
NOB018,20140530,100.39,100.39,100.39,100.39,0
NOB018,20140602,100.47,100.47,100.47,100.47,0
NOB018,20140603,100.47,100.47,100.47,100.47,0
NOB018,20140604,100.60,100.60,100.60,100.60,0
NOB018,20140605,100.78,100.78,100.78,100.78,0
NOB018,20140606,101.31,101.31,101.31,101.31,0
NOB018,20140609,101.33,101.33,101.33,101.33,0
NOB018,20140610,101.16,101.16,101.16,101.16,0
NOB018,20140611,100.97,100.97,100.97,100.97,0
NOB018,20140612,101.19,101.19,101.19,101.19,0
NOB018,20140613,101.29,101.29,101.29,101.29,0
NOB018,20140616,101.05,101.05,101.05,101.05,0
NOB018,20140617,101.03,101.03,101.03,101.03,0
NOB018,20140618,101.10,101.10,101.10,101.10,0
NOB018,20140620,100.77,100.77,100.77,100.77,0
NOB018,20140623,101.03,101.03,101.03,101.03,0
NOB018,20140624,101.34,101.34,101.34,101.34,0
NOB018,20140625,101.67,101.67,101.67,101.67,0
NOB018,20140626,101.64,101.64,101.64,101.64,0
NOB018,20140627,101.63,101.63,101.63,101.63,0
NOB018,20140630,101.63,101.63,101.63,101.63,0
NOB018,20140701,101.67,101.67,101.67,101.67,0
NOB018,20140702,101.56,101.56,101.56,101.56,0
NOB018,20140703,101.50,101.50,101.50,101.50,0
NOB018,20140704,101.76,101.76,101.76,101.76,0
NOB018,20140707,101.86,101.86,101.86,101.86,0
NOB018,20140708,102.02,102.02,102.02,102.02,0
NOB018,20140709,101.86,101.86,101.86,101.86,0
NOB018,20140710,101.88,101.88,101.88,101.88,0
NOB018,20140711,101.79,101.79,101.79,101.79,0
NOB018,20140714,101.85,101.85,101.85,101.85,0
NOB018,20140715,101.64,101.64,101.64,101.64,0
NOB018,20140716,101.82,101.82,101.82,101.82,0
NOB018,20140717,101.95,101.95,101.95,101.95,0
NOB018,20140718,102.03,102.03,102.03,102.03,0
NOB018,20140721,101.99,101.99,101.99,101.99,0
NOB018,20140722,102.05,102.05,102.05,102.05,0
NOB018,20140723,102.47,102.47,102.47,102.47,0
NOB018,20140724,102.36,102.36,102.36,102.36,0
NOB018,20140725,102.44,102.44,102.44,102.44,0
NOB018,20140728,102.48,102.48,102.48,102.48,0
NOB018,20140729,102.57,102.57,102.57,102.57,0
NOB018,20140730,102.46,102.46,102.46,102.46,0
NOB018,20140731,101.95,101.95,101.95,101.95,0
NOB018,20140801,101.78,101.78,101.78,101.78,0
NOB018,20140804,102.35,102.35,102.35,102.35,0
NOB018,20140805,101.84,101.84,101.84,101.84,0
NOB018,20140806,101.89,101.89,101.89,101.89,0
NOB018,20140807,102.16,102.16,102.16,102.16,0
NOB018,20140808,102.19,102.19,102.19,102.19,0
NOB018,20140811,102.45,102.45,102.45,102.45,0
NOB018,20140812,102.38,102.38,102.38,102.38,0
NOB018,20140813,102.58,102.58,102.58,102.58,0
NOB018,20140814,102.92,102.92,102.92,102.92,0
NOB018,20140818,103.06,103.06,103.06,103.06,0
NOB018,20140819,103.11,103.11,103.11,103.11,0
NOB018,20140820,103.06,103.06,103.06,103.06,0
NOB018,20140821,103.11,103.11,103.11,103.11,0
NOB018,20140822,103.12,103.12,103.12,103.12,0
NOB018,20140825,103.20,103.20,103.20,103.20,0
NOB018,20140826,103.33,103.33,103.33,103.33,0
NOB018,20140827,103.42,103.42,103.42,103.42,0
NOB018,20140828,103.28,103.28,103.28,103.28,0
NOB018,20140829,103.30,103.30,103.30,103.30,0
NOB018,20140901,103.38,103.38,103.38,103.38,0
NOB018,20140902,103.32,103.32,103.32,103.32,0
NOB018,20140903,103.63,103.63,103.63,103.63,0
NOB018,20140904,103.72,103.72,103.72,103.72,0
NOB018,20140905,103.90,103.90,103.90,103.90,0
NOB018,20140908,104.16,104.16,104.16,104.16,0
NOB018,20140909,103.78,103.78,103.78,103.78,0
NOB018,20140910,103.79,103.79,103.79,103.79,0
NOB018,20140911,103.80,103.80,103.80,103.80,0
NOB018,20140912,103.55,103.55,103.55,103.55,0
NOB018,20140915,103.68,103.68,103.68,103.68,0
NOB018,20140916,103.57,103.57,103.57,103.57,0
NOB018,20140917,103.76,103.76,103.76,103.76,0
NOB018,20140918,103.67,103.67,103.67,103.67,0
NOB018,20140919,103.79,103.79,103.79,103.79,0
NOB018,20140922,104.04,104.04,104.04,104.04,0
NOB018,20140923,104.12,104.12,104.12,104.12,0
NOB018,20140924,104.49,104.49,104.49,104.49,0
NOB018,20140925,104.65,104.65,104.65,104.65,0
NOB018,20140926,104.34,104.34,104.34,104.34,0
NOB018,20140929,104.32,104.32,104.32,104.32,0
NOB018,20140930,104.24,104.24,104.24,104.24,0
NOB018,20141001,104.44,104.44,104.44,104.44,0
NOB018,20141002,104.28,104.28,104.28,104.28,0
NOB018,20141003,104.25,104.25,104.25,104.25,0
NOB018,20141006,104.47,104.47,104.47,104.47,0
NOB018,20141007,104.60,104.60,104.60,104.60,0
NOB018,20141008,104.80,104.80,104.80,104.80,0
NOB018,20141009,105.14,105.14,105.14,105.14,0
NOB018,20141010,105.11,105.11,105.11,105.11,0
NOB018,20141013,105.19,105.19,105.19,105.19,0
NOB018,20141014,105.47,105.47,105.47,105.47,0
NOB018,20141015,105.55,105.55,105.55,105.55,0
NOB018,20141016,105.18,105.18,105.18,105.18,0
NOB018,20141017,105.37,105.37,105.37,105.37,0
NOB018,20141020,105.40,105.40,105.40,105.40,0
NOB018,20141021,105.44,105.44,105.44,105.44,0
NOB018,20141022,105.47,105.47,105.47,105.47,0
NOB018,20141023,105.48,105.48,105.48,105.48,0
NOB018,20141024,105.44,105.44,105.44,105.44,0
NOB018,20141027,105.42,105.42,105.42,105.42,0
NOB018,20141028,105.49,105.49,105.49,105.49,0
NOB018,20141029,105.56,105.56,105.56,105.56,0
NOB018,20141030,105.48,105.48,105.48,105.48,0
NOB018,20141031,105.64,105.64,105.64,105.64,0
NOB018,20141103,105.60,105.60,105.60,105.60,0
NOB018,20141104,105.68,105.68,105.68,105.68,0
NOB018,20141105,105.43,105.43,105.43,105.43,0
NOB018,20141106,105.36,105.36,105.36,105.36,0
NOB018,20141107,105.28,105.28,105.28,105.28,0
NOB018,20141110,105.40,105.40,105.40,105.40,0
NOB018,20141112,105.53,105.53,105.53,105.53,0
NOB018,20141113,105.73,105.73,105.73,105.73,0
NOB018,20141114,105.39,105.39,105.39,105.39,0
NOB018,20141117,105.40,105.40,105.40,105.40,0
NOB018,20141118,105.38,105.38,105.38,105.38,0
NOB018,20141119,105.25,105.25,105.25,105.25,0
NOB018,20141120,105.41,105.41,105.41,105.41,0
NOB018,20141121,105.68,105.68,105.68,105.68,0
NOB018,20141124,105.63,105.63,105.63,105.63,0
NOB018,20141125,105.70,105.70,105.70,105.70,0
NOB018,20141126,105.86,105.86,105.86,105.86,0
NOB018,20141127,105.84,105.84,105.84,105.84,0
NOB018,20141128,105.84,105.84,105.84,105.84,0
NOB018,20141201,105.69,105.69,105.69,105.69,0
NOB018,20141202,105.47,105.47,105.47,105.47,0
NOB018,20141203,105.41,105.41,105.41,105.41,0
NOB018,20141204,105.34,105.34,105.34,105.34,0
NOB018,20141205,105.22,105.22,105.22,105.22,0
NOB018,20141208,105.29,105.29,105.29,105.29,0
NOB018,20141209,105.37,105.37,105.37,105.37,0
NOB018,20141210,105.29,105.29,105.29,105.29,0
NOB018,20141211,105.26,105.26,105.26,105.26,0
NOB018,20141212,105.32,105.32,105.32,105.32,0
NOB018,20141215,105.54,105.54,105.54,105.54,0
NOB018,20141216,105.18,105.18,105.18,105.18,0
NOB018,20141217,105.32,105.32,105.32,105.32,0
NOB018,20141218,105.46,105.46,105.46,105.46,0
NOB018,20141219,105.40,105.40,105.40,105.40,0
NOB018,20141222,105.57,105.57,105.57,105.57,0
NOB018,20141223,105.62,105.62,105.62,105.62,0
NOB018,20141229,105.63,105.63,105.63,105.63,0
NOB018,20141230,105.60,105.60,105.60,105.60,0
NOB018,20150102,105.82,105.82,105.82,105.82,0
NOB018,20150105,106.09,106.09,106.09,106.09,0
NOB018,20150107,106.21,106.21,106.21,106.21,0
NOB018,20150108,106.29,106.29,106.29,106.29,0
NOB018,20150109,106.21,106.21,106.21,106.21,0
NOB018,20150112,106.49,106.49,106.49,106.49,0
NOB018,20150113,106.34,106.34,106.34,106.34,0
NOB018,20150114,106.53,106.53,106.53,106.53,0
NOB018,20150115,106.53,106.53,106.53,106.53,0
NOB018,20150116,106.52,106.52,106.52,106.52,0
NOB018,20150119,106.47,106.47,106.47,106.47,0
NOB018,20150120,106.42,106.42,106.42,106.42,0
NOB018,20150121,106.45,106.45,106.45,106.45,0
NOB018,20150122,106.65,106.65,106.65,106.65,0
NOB018,20150123,106.82,106.82,106.82,106.82,0
NOB018,20150126,106.82,106.82,106.82,106.82,0
NOB018,20150127,107.03,107.03,107.03,107.03,0
NOB018,20150128,107.03,107.03,107.03,107.03,0
NOB018,20150129,107.05,107.05,107.05,107.05,0
NOB018,20150130,107.11,107.11,107.11,107.11,0
NOB018,20150202,107.05,107.05,107.05,107.05,0
NOB018,20150203,106.95,106.95,106.95,106.95,0
NOB018,20150204,106.94,106.94,106.94,106.94,0
NOB018,20150205,106.78,106.78,106.78,106.78,0
NOB018,20150206,106.59,106.59,106.59,106.59,0
NOB018,20150209,106.29,106.29,106.29,106.29,0
NOB018,20150210,106.23,106.23,106.23,106.23,0
NOB018,20150211,106.20,106.20,106.20,106.20,0
NOB018,20150212,106.63,106.63,106.63,106.63,0
NOB018,20150213,106.72,106.72,106.72,106.72,0
NOB018,20150216,106.72,106.72,106.72,106.72,0
NOB018,20150217,106.55,106.55,106.55,106.55,0
NOB018,20150218,106.38,106.38,106.38,106.38,0
NOB018,20150219,106.52,106.52,106.52,106.52,0
NOB018,20150220,106.39,106.39,106.39,106.39,0
NOB018,20150223,106.55,106.55,106.55,106.55,0
NOB018,20150224,106.63,106.63,106.63,106.63,0
NOB018,20150225,106.76,106.76,106.76,106.76,0
NOB018,20150226,106.88,106.88,106.88,106.88,0
NOB018,20150227,106.78,106.78,106.78,106.78,0
NOB018,20150302,106.82,106.82,106.82,106.82,0
NOB018,20150303,106.76,106.76,106.76,106.76,0
NOB018,20150304,106.58,106.58,106.58,106.58,0
NOB018,20150305,106.57,106.57,106.57,106.57,0
NOB018,20150306,106.18,106.18,106.18,106.18,0
NOB018,20150309,106.25,106.25,106.25,106.25,0
NOB018,20150310,106.21,106.21,106.21,106.21,0
NOB018,20150311,106.29,106.29,106.29,106.29,0
NOB018,20150312,106.45,106.45,106.45,106.45,0
NOB018,20150313,106.35,106.35,106.35,106.35,0
NOB018,20150316,106.45,106.45,106.45,106.45,0
NOB018,20150317,106.39,106.39,106.39,106.39,0
NOB018,20150318,106.48,106.48,106.48,106.48,0
NOB018,20150319,106.78,106.78,106.78,106.78,0
NOB018,20150320,106.92,106.92,106.92,106.92,0
NOB018,20150323,106.84,106.84,106.84,106.84,0
NOB018,20150324,106.87,106.87,106.87,106.87,0
NOB018,20150325,106.96,106.96,106.96,106.96,0
NOB018,20150326,106.80,106.80,106.80,106.80,0
NOB018,20150327,106.83,106.83,106.83,106.83,0
NOB018,20150330,106.85,106.85,106.85,106.85,0
NOB018,20150331,106.84,106.84,106.84,106.84,0
NOB018,20150401,106.86,106.86,106.86,106.86,0
NOB018,20150402,106.85,106.85,106.85,106.85,0
NOB018,20150407,106.90,106.90,106.90,106.90,0
NOB018,20150408,106.97,106.97,106.97,106.97,0
NOB018,20150409,106.86,106.86,106.86,106.86,0
NOB018,20150410,106.85,106.85,106.85,106.85,0
NOB018,20150413,106.74,106.74,106.74,106.74,0
NOB018,20150414,106.77,106.77,106.77,106.77,0
NOB018,20150415,106.82,106.82,106.82,106.82,0
NOB018,20150416,106.77,106.77,106.77,106.77,0
NOB018,20150417,106.76,106.76,106.76,106.76,0
NOB018,20150420,106.73,106.73,106.73,106.73,0
NOB018,20150421,106.65,106.65,106.65,106.65,0
NOB018,20150422,106.53,106.53,106.53,106.53,0
NOB018,20150423,106.50,106.50,106.50,106.50,0
NOB018,20150424,106.54,106.54,106.54,106.54,0
NOB018,20150427,106.51,106.51,106.51,106.51,0
NOB018,20150428,106.35,106.35,106.35,106.35,0
NOB018,20150429,106.21,106.21,106.21,106.21,0
NOB018,20150430,106.20,106.20,106.20,106.20,0
NOB018,20150504,106.17,106.17,106.17,106.17,0
NOB018,20150505,105.69,105.69,105.69,105.69,0
NOB018,20150506,105.28,105.28,105.28,105.28,0
NOB018,20150507,105.82,105.82,105.82,105.82,0
NOB018,20150508,106.15,106.15,106.15,106.15,0
NOB018,20150511,105.84,105.84,105.84,105.84,0
NOB018,20150512,105.45,105.45,105.45,105.45,0
NOB018,20150513,105.56,105.56,105.56,105.56,0
NOB018,20150514,105.67,105.67,105.67,105.67,0
NOB018,20150515,105.70,105.70,105.70,105.70,0
NOB018,20150518,105.60,105.60,105.60,105.60,0
NOB018,20150519,105.79,105.79,105.79,105.79,0
NOB018,20150520,105.75,105.75,105.75,105.75,0
NOB018,20150521,105.94,105.94,105.94,105.94,0
NOB018,20150522,105.81,105.81,105.81,105.81,0
NOB018,20150525,105.31,105.31,105.31,105.31,0
NOB018,20150526,105.06,105.06,105.06,105.06,0
NOB018,20150527,105.15,105.15,105.15,105.15,0
NOB018,20150528,105.22,105.22,105.22,105.22,0
NOB018,20150529,105.27,105.27,105.27,105.27,0
NOB018,20150601,105.09,105.09,105.09,105.09,0
NOB018,20150602,105.01,105.01,105.01,105.01,0
NOB018,20150603,104.66,104.66,104.66,104.66,0
NOB018,20150605,104.29,104.29,104.29,104.29,0
NOB018,20150608,104.41,104.41,104.41,104.41,0
NOB018,20150609,104.34,104.34,104.34,104.34,0
NOB018,20150610,104.32,104.32,104.32,104.32,0
NOB018,20150611,104.52,104.52,104.52,104.52,0
NOB018,20150612,104.29,104.29,104.29,104.29,0
NOB018,20150615,103.72,103.72,103.72,103.72,0
NOB018,20150616,103.69,103.69,103.69,103.69,0
NOB018,20150617,103.74,103.74,103.74,103.74,0
NOB018,20150618,103.93,103.93,103.93,103.93,0
NOB018,20150622,104.27,104.27,104.27,104.27,0
NOB018,20150623,104.36,104.36,104.36,104.36,0
NOB018,20150624,104.32,104.32,104.32,104.32,0
NOB018,20150625,104.32,104.32,104.32,104.32,0
NOB018,20150626,104.20,104.20,104.20,104.20,0
NOB018,20150629,103.72,103.72,103.72,103.72,0
NOB018,20150630,103.87,103.87,103.87,103.87,0
NOB018,20150701,104.02,104.02,104.02,104.02,0
NOB018,20150702,104.18,104.18,104.18,104.18,0
NOB018,20150703,104.34,104.34,104.34,104.34,0
NOB018,20150706,104.21,104.21,104.21,104.21,0
NOB018,20150707,104.66,104.66,104.66,104.66,0
NOB018,20150708,105.05,105.05,105.05,105.05,0
NOB018,20150709,105.28,105.28,105.28,105.28,0
NOB018,20150710,104.93,104.93,104.93,104.93,0
NOB018,20150713,104.95,104.95,104.95,104.95,0
NOB018,20150714,104.93,104.93,104.93,104.93,0
NOB018,20150715,105.19,105.19,105.19,105.19,0
NOB018,20150716,105.35,105.35,105.35,105.35,0
NOB018,20150717,105.65,105.65,105.65,105.65,0
NOB018,20150720,105.70,105.70,105.70,105.70,0
NOB018,20150721,105.61,105.61,105.61,105.61,0
NOB018,20150722,105.63,105.63,105.63,105.63,0
NOB018,20150723,105.54,105.54,105.54,105.54,0
NOB018,20150724,105.71,105.71,105.71,105.71,0
NOB018,20150727,105.77,105.77,105.77,105.77,0
NOB018,20150728,105.73,105.73,105.73,105.73,0
NOB018,20150729,105.64,105.64,105.64,105.64,0
NOB018,20150730,105.56,105.56,105.56,105.56,0
NOB018,20150731,105.55,105.55,105.55,105.55,0
NOB018,20150803,105.56,105.56,105.56,105.56,0
NOB018,20150804,105.56,105.56,105.56,105.56,0
NOB018,20150805,105.35,105.35,105.35,105.35,0
NOB018,20150806,105.31,105.31,105.31,105.31,0
NOB018,20150807,105.38,105.38,105.38,105.38,0
NOB018,20150810,105.48,105.48,105.48,105.48,0
NOB018,20150811,105.63,105.63,105.63,105.63,0
NOB018,20150812,105.74,105.74,105.74,105.74,0
NOB018,20150813,105.74,105.74,105.74,105.74,0
NOB018,20150814,105.82,105.82,105.82,105.82,0
NOB018,20150817,105.84,105.84,105.84,105.84,0
NOB018,20150818,105.80,105.80,105.80,105.80,0
NOB018,20150819,105.84,105.84,105.84,105.84,0
NOB018,20150820,105.92,105.92,105.92,105.92,0
NOB018,20150821,105.87,105.87,105.87,105.87,0
NOB018,20150824,105.69,105.69,105.69,105.69,0
NOB018,20150825,105.50,105.50,105.50,105.50,0
NOB018,20150826,105.57,105.57,105.57,105.57,0
NOB018,20150827,105.59,105.59,105.59,105.59,0
NOB018,20150828,105.68,105.68,105.68,105.68,0
NOB018,20150831,105.60,105.60,105.60,105.60,0
NOB018,20150901,105.44,105.44,105.44,105.44,0
NOB018,20150902,105.38,105.38,105.38,105.38,0
NOB018,20150903,105.55,105.55,105.55,105.55,0
NOB018,20150904,105.67,105.67,105.67,105.67,0
NOB018,20150907,105.67,105.67,105.67,105.67,0
NOB018,20150908,105.62,105.62,105.62,105.62,0
NOB018,20150909,105.60,105.60,105.60,105.60,0
NOB018,20150910,105.62,105.62,105.62,105.62,0
NOB018,20150911,105.52,105.52,105.52,105.52,0
NOB018,20150914,105.55,105.55,105.55,105.55,0
NOB018,20150915,105.54,105.54,105.54,105.54,0
NOB018,20150916,105.46,105.46,105.46,105.46,0
NOB018,20150917,105.50,105.50,105.50,105.50,0
NOB018,20150918,105.79,105.79,105.79,105.79,0
NOB018,20150921,105.77,105.77,105.77,105.77,0
NOB018,20150922,105.92,105.92,105.92,105.92,0
NOB018,20150923,105.89,105.89,105.89,105.89,0
NOB018,20150924,105.92,105.92,105.92,105.92,0
NOB018,20150925,105.83,105.83,105.83,105.83,0
NOB018,20150928,105.88,105.88,105.88,105.88,0
NOB018,20150929,105.88,105.88,105.88,105.88,0
NOB018,20150930,105.84,105.84,105.84,105.84,0
NOB018,20151001,105.93,105.93,105.93,105.93,0
NOB018,20151002,106.16,106.16,106.16,106.16,0
NOB018,20151005,106.29,106.29,106.29,106.29,0
NOB018,20151006,106.17,106.17,106.17,106.17,0
NOB018,20151007,106.14,106.14,106.14,106.14,0
NOB018,20151008,106.13,106.13,106.13,106.13,0
NOB018,20151009,106.11,106.11,106.11,106.11,0
NOB018,20151012,106.09,106.09,106.09,106.09,0
NOB018,20151013,105.97,105.97,105.97,105.97,0
NOB018,20151014,106.08,106.08,106.08,106.08,0
NOB018,20151015,106.13,106.13,106.13,106.13,0
NOB018,20151016,106.11,106.11,106.11,106.11,0
NOB018,20151019,106.08,106.08,106.08,106.08,0
NOB018,20151020,106.00,106.00,106.00,106.00,0
NOB018,20151021,106.04,106.04,106.04,106.04,0
NOB018,20151022,106.20,106.20,106.20,106.20,0
NOB018,20151023,106.27,106.27,106.27,106.27,0
NOB018,20151026,106.23,106.23,106.23,106.23,0
NOB018,20151027,106.32,106.32,106.32,106.32,0
NOB018,20151028,106.35,106.35,106.35,106.35,0
NOB018,20151029,106.23,106.23,106.23,106.23,0
NOB018,20151030,106.31,106.31,106.31,106.31,0
NOB018,20151102,106.24,106.24,106.24,106.24,0
NOB018,20151103,106.23,106.23,106.23,106.23,0
NOB018,20151104,106.20,106.20,106.20,106.20,0
NOB018,20151105,106.17,106.17,106.17,106.17,0
NOB018,20151106,106.00,106.00,106.00,106.00,0
NOB018,20151109,105.99,105.99,105.99,105.99,0
NOB018,20151110,106.13,106.13,106.13,106.13,0
NOB018,20151112,106.27,106.27,106.27,106.27,0
NOB018,20151113,106.34,106.34,106.34,106.34,0
NOB018,20151116,106.36,106.36,106.36,106.36,0
NOB018,20151117,106.27,106.27,106.27,106.27,0
NOB018,20151118,106.23,106.23,106.23,106.23,0
NOB018,20151119,106.23,106.23,106.23,106.23,0
NOB018,20151120,106.30,106.30,106.30,106.30,0
NOB018,20151123,106.25,106.25,106.25,106.25,0
NOB018,20151124,106.32,106.32,106.32,106.32,0
NOB018,20151125,106.37,106.37,106.37,106.37,0
NOB018,20151126,106.40,106.40,106.40,106.40,0
NOB018,20151127,106.39,106.39,106.39,106.39,0
NOB018,20151130,106.34,106.34,106.34,106.34,0
NOB018,20151201,106.41,106.41,106.41,106.41,0
NOB018,20151202,106.41,106.41,106.41,106.41,0
NOB018,20151203,106.26,106.26,106.26,106.26,0
NOB018,20151204,106.17,106.17,106.17,106.17,0
NOB018,20151207,106.26,106.26,106.26,106.26,0
NOB018,20151208,106.13,106.13,106.13,106.13,0
NOB018,20151209,106.03,106.03,106.03,106.03,0
NOB018,20151210,105.93,105.93,105.93,105.93,0
NOB018,20151211,105.74,105.74,105.74,105.74,0
NOB018,20151214,105.31,105.31,105.31,105.31,0
NOB018,20151215,105.86,105.86,105.86,105.86,0
NOB018,20151216,105.69,105.69,105.69,105.69,0
NOB018,20151217,106.16,106.16,106.16,106.16,0
NOB018,20151218,106.27,106.27,106.27,106.27,0
NOB018,20151221,106.38,106.38,106.38,106.38,0
NOB018,20151222,106.25,106.25,106.25,106.25,0
NOB018,20151223,106.24,106.24,106.24,106.24,0
NOB018,20151228,106.27,106.27,106.27,106.27,0
NOB018,20151229,106.43,106.43,106.43,106.43,0
NOB018,20151230,106.60,106.60,106.60,106.60,0
NOB018,20160104,106.50,106.50,106.50,106.50,0
NOB018,20160105,106.63,106.63,106.63,106.63,0
NOB018,20160107,106.66,106.66,106.66,106.66,0
NOB018,20160108,106.80,106.80,106.80,106.80,0
NOB018,20160111,106.80,106.80,106.80,106.80,0
NOB018,20160112,106.95,106.95,106.95,106.95,0
NOB018,20160113,106.95,106.95,106.95,106.95,0
NOB018,20160114,106.80,106.80,106.80,106.80,0
NOB018,20160115,106.69,106.69,106.69,106.69,0
NOB018,20160118,106.45,106.45,106.45,106.45,0
NOB018,20160119,106.61,106.61,106.61,106.61,0
NOB018,20160120,106.47,106.47,106.47,106.47,0
NOB018,20160121,106.53,106.53,106.53,106.53,0
NOB018,20160122,106.56,106.56,106.56,106.56,0
NOB018,20160125,106.50,106.50,106.50,106.50,0
NOB018,20160126,106.61,106.61,106.61,106.61,0
NOB018,20160127,106.69,106.69,106.69,106.69,0
NOB018,20160128,106.76,106.76,106.76,106.76,0
NOB018,20160129,106.84,106.84,106.84,106.84,0
NOB018,20160201,106.83,106.83,106.83,106.83,0
NOB018,20160202,106.92,106.92,106.92,106.92,0
NOB018,20160203,106.94,106.94,106.94,106.94,0
NOB018,20160204,107.03,107.03,107.03,107.03,0
NOB018,20160205,107.07,107.07,107.07,107.07,0
NOB018,20160208,107.02,107.02,107.02,107.02,0
NOB018,20160209,106.99,106.99,106.99,106.99,0
NOB018,20160210,107.05,107.05,107.05,107.05,0
