Name,Date,Open,High,Low,Close,Volume
OFT002,20121108,100.16,100.16,100.16,100.16,0
OFT002,20121109,100.06,100.06,100.06,100.06,0
OFT002,20121112,100.03,100.03,100.03,100.03,0
OFT002,20121113,100.02,100.02,100.02,100.02,0
OFT002,20121114,100.10,100.10,100.10,100.10,0
OFT002,20121115,99.94,99.94,99.94,99.94,0
OFT002,20121116,101.10,101.10,101.10,101.10,0
OFT002,20121119,101.50,101.50,101.50,101.50,0
OFT002,20121120,101.88,101.88,101.88,101.88,0
OFT002,20121121,102.02,102.02,102.02,102.02,0
OFT002,20121122,102.19,102.19,102.19,102.19,0
OFT002,20121123,102.18,102.18,102.18,102.18,0
OFT002,20121126,102.50,102.50,102.50,102.50,0
OFT002,20121127,102.89,102.89,102.89,102.89,0
OFT002,20121128,103.00,103.00,103.00,103.00,0
OFT002,20121129,103.08,103.08,103.08,103.08,0
OFT002,20121130,103.15,103.15,103.15,103.15,0
OFT002,20121203,103.27,103.27,103.27,103.27,0
OFT002,20121204,103.67,103.67,103.67,103.67,0
OFT002,20121205,103.84,103.84,103.84,103.84,0
OFT002,20121206,103.88,103.88,103.88,103.88,0
OFT002,20121207,103.89,103.89,103.89,103.89,0
OFT002,20121210,103.96,103.96,103.96,103.96,0
OFT002,20121211,104.71,104.71,104.71,104.71,0
OFT002,20121212,104.80,104.80,104.80,104.80,0
OFT002,20121213,104.93,104.93,104.93,104.93,0
OFT002,20121214,105.40,105.40,105.40,105.40,0
OFT002,20121217,105.51,105.51,105.51,105.51,0
OFT002,20121218,105.30,105.30,105.30,105.30,0
OFT002,20121219,106.21,106.21,106.21,106.21,0
OFT002,20121220,106.07,106.07,106.07,106.07,0
OFT002,20121221,105.58,105.58,105.58,105.58,0
OFT002,20121227,104.85,104.85,104.85,104.85,0
OFT002,20121228,104.83,104.83,104.83,104.83,0
OFT002,20130102,105.48,105.48,105.48,105.48,0
OFT002,20130103,105.61,105.61,105.61,105.61,0
OFT002,20130104,105.47,105.47,105.47,105.47,0
OFT002,20130107,105.35,105.35,105.35,105.35,0
OFT002,20130108,105.22,105.22,105.22,105.22,0
OFT002,20130109,104.94,104.94,104.94,104.94,0
OFT002,20130110,105.44,105.44,105.44,105.44,0
OFT002,20130111,105.91,105.91,105.91,105.91,0
OFT002,20130114,105.86,105.86,105.86,105.86,0
OFT002,20130115,105.82,105.82,105.82,105.82,0
OFT002,20130116,105.98,105.98,105.98,105.98,0
OFT002,20130117,106.59,106.59,106.59,106.59,0
OFT002,20130118,107.03,107.03,107.03,107.03,0
OFT002,20130121,107.29,107.29,107.29,107.29,0
OFT002,20130122,107.32,107.32,107.32,107.32,0
OFT002,20130123,107.11,107.11,107.11,107.11,0
OFT002,20130124,107.48,107.48,107.48,107.48,0
OFT002,20130125,107.58,107.58,107.58,107.58,0
OFT002,20130128,107.39,107.39,107.39,107.39,0
OFT002,20130129,107.06,107.06,107.06,107.06,0
OFT002,20130130,106.86,106.86,106.86,106.86,0
OFT002,20130131,106.57,106.57,106.57,106.57,0
OFT002,20130201,106.73,106.73,106.73,106.73,0
OFT002,20130204,106.66,106.66,106.66,106.66,0
OFT002,20130430,105.44,105.44,105.44,105.44,0
OFT002,20130517,111.37,111.37,111.37,111.37,0
OFT002,20130528,114.05,114.05,114.05,114.05,0
OFT002,20130604,114.44,114.44,114.44,114.44,0
OFT002,20130607,115.73,115.73,115.73,115.73,0
OFT002,20130610,116.22,116.22,116.22,116.22,0
OFT002,20130611,117.15,117.15,117.15,117.15,0
OFT002,20130612,117.57,117.57,117.57,117.57,0
OFT002,20130613,116.97,116.97,116.97,116.97,0
OFT002,20130614,117.50,117.50,117.50,117.50,0
OFT002,20130617,117.65,117.65,117.65,117.65,0
OFT002,20130618,118.54,118.54,118.54,118.54,0
OFT002,20130619,118.59,118.59,118.59,118.59,0
OFT002,20130620,116.43,116.43,116.43,116.43,0
OFT002,20130621,114.83,114.83,114.83,114.83,0
OFT002,20130624,114.40,114.40,114.40,114.40,0
OFT002,20130625,114.66,114.66,114.66,114.66,0
OFT002,20130626,114.22,114.22,114.22,114.22,0
OFT002,20130627,111.47,111.47,111.47,111.47,0
OFT002,20130628,112.56,112.56,112.56,112.56,0
OFT002,20130701,113.48,113.48,113.48,113.48,0
OFT002,20130702,114.26,114.26,114.26,114.26,0
OFT002,20130703,113.67,113.67,113.67,113.67,0
OFT002,20130705,114.02,114.02,114.02,114.02,0
OFT002,20130708,112.52,112.52,112.52,112.52,0
OFT002,20130709,111.78,111.78,111.78,111.78,0
OFT002,20130710,113.06,113.06,113.06,113.06,0
OFT002,20130711,114.09,114.09,114.09,114.09,0
OFT002,20130712,115.02,115.02,115.02,115.02,0
OFT002,20130715,115.14,115.14,115.14,115.14,0
OFT002,20130716,115.07,115.07,115.07,115.07,0
OFT002,20130717,115.34,115.34,115.34,115.34,0
OFT002,20130718,115.96,115.96,115.96,115.96,0
OFT002,20130719,115.87,115.87,115.87,115.87,0
OFT002,20130722,115.59,115.59,115.59,115.59,0
OFT002,20130723,116.66,116.66,116.66,116.66,0
OFT002,20130724,117.04,117.04,117.04,117.04,0
OFT002,20130725,116.80,116.80,116.80,116.80,0
OFT002,20130726,116.27,116.27,116.27,116.27,0
OFT002,20130729,116.93,116.93,116.93,116.93,0
OFT002,20130730,117.28,117.28,117.28,117.28,0
OFT002,20130731,117.23,117.23,117.23,117.23,0
OFT002,20130801,117.95,117.95,117.95,117.95,0
OFT002,20130802,119.93,119.93,119.93,119.93,0
OFT002,20130805,120.23,120.23,120.23,120.23,0
OFT002,20130806,120.24,120.24,120.24,120.24,0
OFT002,20130807,121.57,121.57,121.57,121.57,0
OFT002,20130808,122.83,122.83,122.83,122.83,0
OFT002,20130809,123.96,123.96,123.96,123.96,0
OFT002,20130812,124.43,124.43,124.43,124.43,0
OFT002,20130813,125.13,125.13,125.13,125.13,0
OFT002,20130814,126.84,126.84,126.84,126.84,0
OFT002,20130816,126.29,126.29,126.29,126.29,0
OFT002,20130819,125.62,125.62,125.62,125.62,0
OFT002,20130820,124.43,124.43,124.43,124.43,0
OFT002,20130821,124.44,124.44,124.44,124.44,0
OFT002,20130822,125.83,125.83,125.83,125.83,0
OFT002,20130823,126.73,126.73,126.73,126.73,0
OFT002,20130826,125.91,125.91,125.91,125.91,0
OFT002,20130827,123.81,123.81,123.81,123.81,0
OFT002,20130828,122.09,122.09,122.09,122.09,0
OFT002,20130829,122.29,122.29,122.29,122.29,0
OFT002,20130830,121.82,121.82,121.82,121.82,0
OFT002,20130902,123.29,123.29,123.29,123.29,0
OFT002,20130903,123.68,123.68,123.68,123.68,0
OFT002,20130904,122.15,122.15,122.15,122.15,0
OFT002,20130905,117.79,117.79,117.79,117.79,0
OFT002,20130906,120.42,120.42,120.42,120.42,0
OFT002,20130909,123.11,123.11,123.11,123.11,0
OFT002,20130910,124.51,124.51,124.51,124.51,0
OFT002,20130911,125.27,125.27,125.27,125.27,0
OFT002,20130912,125.75,125.75,125.75,125.75,0
OFT002,20130913,124.84,124.84,124.84,124.84,0
OFT002,20130916,123.38,123.38,123.38,123.38,0
OFT002,20130917,124.04,124.04,124.04,124.04,0
OFT002,20130918,124.11,124.11,124.11,124.11,0
OFT002,20130919,125.83,125.83,125.83,125.83,0
OFT002,20130920,125.87,125.87,125.87,125.87,0
OFT002,20130923,125.33,125.33,125.33,125.33,0
OFT002,20130924,124.73,124.73,124.73,124.73,0
OFT002,20130925,125.76,125.76,125.76,125.76,0
OFT002,20130926,127.49,127.49,127.49,127.49,0
OFT002,20130927,127.77,127.77,127.77,127.77,0
OFT002,20130930,127.24,127.24,127.24,127.24,0
OFT002,20131001,128.05,128.05,128.05,128.05,0
OFT002,20131002,128.28,128.28,128.28,128.28,0
OFT002,20131003,128.96,128.96,128.96,128.96,0
OFT002,20131004,128.58,128.58,128.58,128.58,0
OFT002,20131007,128.07,128.07,128.07,128.07,0
OFT002,20131008,127.48,127.48,127.48,127.48,0
OFT002,20131009,127.82,127.82,127.82,127.82,0
OFT002,20131010,130.01,130.01,130.01,130.01,0
OFT002,20131011,130.88,130.88,130.88,130.88,0
OFT002,20131014,132.15,132.15,132.15,132.15,0
OFT002,20131015,133.54,133.54,133.54,133.54,0
OFT002,20131016,134.08,134.08,134.08,134.08,0
OFT002,20131017,134.53,134.53,134.53,134.53,0
OFT002,20131018,133.09,133.09,133.09,133.09,0
OFT002,20131021,135.18,135.18,135.18,135.18,0
OFT002,20131022,135.35,135.35,135.35,135.35,0
OFT002,20131023,134.74,134.74,134.74,134.74,0
OFT002,20131029,136.96,136.96,136.96,136.96,0
OFT002,20131030,135.68,135.68,135.68,135.68,0
OFT002,20131031,134.39,134.39,134.39,134.39,0
OFT002,20131104,135.29,135.29,135.29,135.29,0
OFT002,20131105,134.47,134.47,134.47,134.47,0
OFT002,20131106,134.86,134.86,134.86,134.86,0
OFT002,20131107,134.34,134.34,134.34,134.34,0
OFT002,20131108,132.82,132.82,132.82,132.82,0
OFT002,20131112,133.55,133.55,133.55,133.55,0
OFT002,20131113,132.15,132.15,132.15,132.15,0
OFT002,20131114,132.49,132.49,132.49,132.49,0
OFT002,20131115,133.06,133.06,133.06,133.06,0
OFT002,20131118,134.47,134.47,134.47,134.47,0
OFT002,20131119,133.97,133.97,133.97,133.97,0
OFT002,20131120,134.53,134.53,134.53,134.53,0
OFT002,20131121,135.03,135.03,135.03,135.03,0
OFT002,20131122,135.61,135.61,135.61,135.61,0
OFT002,20131125,136.25,136.25,136.25,136.25,0
OFT002,20131126,135.40,135.40,135.40,135.40,0
OFT002,20131127,134.91,134.91,134.91,134.91,0
OFT002,20131128,134.81,134.81,134.81,134.81,0
OFT002,20131129,135.32,135.32,135.32,135.32,0
OFT002,20131202,134.68,134.68,134.68,134.68,0
OFT002,20131203,133.34,133.34,133.34,133.34,0
OFT002,20131204,131.32,131.32,131.32,131.32,0
OFT002,20131205,131.50,131.50,131.50,131.50,0
OFT002,20131206,132.46,132.46,132.46,132.46,0
OFT002,20131209,133.50,133.50,133.50,133.50,0
OFT002,20131210,132.32,132.32,132.32,132.32,0
OFT002,20131211,132.41,132.41,132.41,132.41,0
OFT002,20131212,130.49,130.49,130.49,130.49,0
OFT002,20131213,130.32,130.32,130.32,130.32,0
OFT002,20131216,129.67,129.67,129.67,129.67,0
OFT002,20131217,127.35,127.35,127.35,127.35,0
OFT002,20131218,128.02,128.02,128.02,128.02,0
OFT002,20131219,127.59,127.59,127.59,127.59,0
OFT002,20131220,128.07,128.07,128.07,128.07,0
OFT002,20131223,129.17,129.17,129.17,129.17,0
OFT002,20131227,129.44,129.44,129.44,129.44,0
OFT002,20131230,129.93,129.93,129.93,129.93,0
OFT002,20140102,130.84,130.84,130.84,130.84,0
OFT002,20140103,130.50,130.50,130.50,130.50,0
OFT002,20140107,128.57,128.57,128.57,128.57,0
OFT002,20140108,127.88,127.88,127.88,127.88,0
OFT002,20140109,126.51,126.51,126.51,126.51,0
OFT002,20140110,126.75,126.75,126.75,126.75,0
OFT002,20140113,127.63,127.63,127.63,127.63,0
OFT002,20140114,127.32,127.32,127.32,127.32,0
OFT002,20140115,128.88,128.88,128.88,128.88,0
OFT002,20140116,129.82,129.82,129.82,129.82,0
OFT002,20140117,129.35,129.35,129.35,129.35,0
OFT002,20140120,128.99,128.99,128.99,128.99,0
OFT002,20140121,130.02,130.02,130.02,130.02,0
OFT002,20140122,131.09,131.09,131.09,131.09,0
OFT002,20140123,131.34,131.34,131.34,131.34,0
OFT002,20140124,130.27,130.27,130.27,130.27,0
OFT002,20140127,129.20,129.20,129.20,129.20,0
OFT002,20140128,130.59,130.59,130.59,130.59,0
OFT002,20140129,130.43,130.43,130.43,130.43,0
OFT002,20140130,130.03,130.03,130.03,130.03,0
OFT002,20140131,131.05,131.05,131.05,131.05,0
OFT002,20140203,131.64,131.64,131.64,131.64,0
OFT002,20140204,131.47,131.47,131.47,131.47,0
OFT002,20140205,132.69,132.69,132.69,132.69,0
OFT002,20140206,134.46,134.46,134.46,134.46,0
OFT002,20140207,134.41,134.41,134.41,134.41,0
OFT002,20140210,134.42,134.42,134.42,134.42,0
OFT002,20140211,135.26,135.26,135.26,135.26,0
OFT002,20140212,136.04,136.04,136.04,136.04,0
OFT002,20140213,135.94,135.94,135.94,135.94,0
OFT002,20140214,136.59,136.59,136.59,136.59,0
OFT002,20140217,136.82,136.82,136.82,136.82,0
OFT002,20140218,136.14,136.14,136.14,136.14,0
OFT002,20140219,136.57,136.57,136.57,136.57,0
OFT002,20140220,135.39,135.39,135.39,135.39,0
OFT002,20140221,135.93,135.93,135.93,135.93,0
OFT002,20140224,136.77,136.77,136.77,136.77,0
OFT002,20140225,136.22,136.22,136.22,136.22,0
OFT002,20140226,134.43,134.43,134.43,134.43,0
OFT002,20140227,134.74,134.74,134.74,134.74,0
OFT002,20140228,135.94,135.94,135.94,135.94,0
OFT002,20140303,129.80,129.80,129.80,129.80,0
OFT002,20140304,133.09,133.09,133.09,133.09,0
OFT002,20140305,132.09,132.09,132.09,132.09,0
OFT002,20140306,132.71,132.71,132.71,132.71,0
OFT002,20140307,131.26,131.26,131.26,131.26,0
OFT002,20140310,129.76,129.76,129.76,129.76,0
OFT002,20140311,129.84,129.84,129.84,129.84,0
OFT002,20140312,128.20,128.20,128.20,128.20,0
OFT002,20140313,126.83,126.83,126.83,126.83,0
OFT002,20140314,124.78,124.78,124.78,124.78,0
OFT002,20140317,128.51,128.51,128.51,128.51,0
OFT002,20140318,128.61,128.61,128.61,128.61,0
OFT002,20140319,128.26,128.26,128.26,128.26,0
OFT002,20140320,129.11,129.11,129.11,129.11,0
OFT002,20140321,129.58,129.58,129.58,129.58,0
OFT002,20140324,129.29,129.29,129.29,129.29,0
OFT002,20140325,129.97,129.97,129.97,129.97,0
OFT002,20140326,131.32,131.32,131.32,131.32,0
OFT002,20140327,130.94,130.94,130.94,130.94,0
OFT002,20140328,131.05,131.05,131.05,131.05,0
OFT002,20140331,132.07,132.07,132.07,132.07,0
OFT002,20140401,133.19,133.19,133.19,133.19,0
OFT002,20140402,133.33,133.33,133.33,133.33,0
OFT002,20140403,132.99,132.99,132.99,132.99,0
OFT002,20140404,133.01,133.01,133.01,133.01,0
OFT002,20140407,131.96,131.96,131.96,131.96,0
OFT002,20140408,131.99,131.99,131.99,131.99,0
OFT002,20140409,132.03,132.03,132.03,132.03,0
OFT002,20140410,132.09,132.09,132.09,132.09,0
OFT002,20140411,131.56,131.56,131.56,131.56,0
OFT002,20140414,129.86,129.86,129.86,129.86,0
OFT002,20140415,128.95,128.95,128.95,128.95,0
OFT002,20140416,127.31,127.31,127.31,127.31,0
OFT002,20140417,127.93,127.93,127.93,127.93,0
OFT002,20140422,128.74,128.74,128.74,128.74,0
OFT002,20140423,128.20,128.20,128.20,128.20,0
OFT002,20140424,127.42,127.42,127.42,127.42,0
OFT002,20140425,127.31,127.31,127.31,127.31,0
OFT002,20140428,127.15,127.15,127.15,127.15,0
OFT002,20140429,127.76,127.76,127.76,127.76,0
OFT002,20140430,128.39,128.39,128.39,128.39,0
OFT002,20140502,128.39,128.39,128.39,128.39,0
OFT002,20140505,126.89,126.89,126.89,126.89,0
OFT002,20140506,126.48,126.48,126.48,126.48,0
OFT002,20140507,124.85,124.85,124.85,124.85,0
OFT002,20140508,124.61,124.61,124.61,124.61,0
OFT002,20140509,122.99,122.99,122.99,122.99,0
OFT002,20140512,123.15,123.15,123.15,123.15,0
OFT002,20140513,123.84,123.84,123.84,123.84,0
OFT002,20140514,123.85,123.85,123.85,123.85,0
OFT002,20140515,124.18,124.18,124.18,124.18,0
OFT002,20140516,123.17,123.17,123.17,123.17,0
OFT002,20140519,123.95,123.95,123.95,123.95,0
OFT002,20140520,124.22,124.22,124.22,124.22,0
OFT002,20140521,124.95,124.95,124.95,124.95,0
OFT002,20140522,126.44,126.44,126.44,126.44,0
OFT002,20140523,127.06,127.06,127.06,127.06,0
OFT002,20140526,127.48,127.48,127.48,127.48,0
OFT002,20140527,127.19,127.19,127.19,127.19,0
OFT002,20140528,126.78,126.78,126.78,126.78,0
OFT002,20140529,127.11,127.11,127.11,127.11,0
OFT002,20140530,127.18,127.18,127.18,127.18,0
OFT002,20140602,126.89,126.89,126.89,126.89,0
OFT002,20140603,126.95,126.95,126.95,126.95,0
OFT002,20140604,127.23,127.23,127.23,127.23,0
OFT002,20140605,127.89,127.89,127.89,127.89,0
OFT002,20140606,128.47,128.47,128.47,128.47,0
OFT002,20140609,128.81,128.81,128.81,128.81,0
OFT002,20140610,129.05,129.05,129.05,129.05,0
OFT002,20140611,128.58,128.58,128.58,128.58,0
OFT002,20140612,127.93,127.93,127.93,127.93,0
OFT002,20140613,127.37,127.37,127.37,127.37,0
OFT002,20140616,127.23,127.23,127.23,127.23,0
OFT002,20140617,127.27,127.27,127.27,127.27,0
OFT002,20140618,127.51,127.51,127.51,127.51,0
OFT002,20140620,127.44,127.44,127.44,127.44,0
OFT002,20140623,127.15,127.15,127.15,127.15,0
OFT002,20140624,126.86,126.86,126.86,126.86,0
OFT002,20140625,125.52,125.52,125.52,125.52,0
OFT002,20140626,125.51,125.51,125.51,125.51,0
OFT002,20140627,124.50,124.50,124.50,124.50,0
OFT002,20140630,125.47,125.47,125.47,125.47,0
OFT002,20140701,124.58,124.58,124.58,124.58,0
OFT002,20140702,123.71,123.71,123.71,123.71,0
OFT002,20140703,122.64,122.64,122.64,122.64,0
OFT002,20140704,123.26,123.26,123.26,123.26,0
OFT002,20140707,123.37,123.37,123.37,123.37,0
OFT002,20140708,122.94,122.94,122.94,122.94,0
OFT002,20140709,122.69,122.69,122.69,122.69,0
OFT002,20140710,121.56,121.56,121.56,121.56,0
OFT002,20140711,122.33,122.33,122.33,122.33,0
OFT002,20140714,122.28,122.28,122.28,122.28,0
OFT002,20140715,122.57,122.57,122.57,122.57,0
OFT002,20140716,121.86,121.86,121.86,121.86,0
OFT002,20140717,121.45,121.45,121.45,121.45,0
OFT002,20140718,121.02,121.02,121.02,121.02,0
OFT002,20140721,120.27,120.27,120.27,120.27,0
OFT002,20140722,120.82,120.82,120.82,120.82,0
OFT002,20140723,120.71,120.71,120.71,120.71,0
OFT002,20140724,120.61,120.61,120.61,120.61,0
OFT002,20140725,120.56,120.56,120.56,120.56,0
OFT002,20140728,120.91,120.91,120.91,120.91,0
OFT002,20140729,120.29,120.29,120.29,120.29,0
OFT002,20140730,118.62,118.62,118.62,118.62,0
OFT002,20140731,118.38,118.38,118.38,118.38,0
OFT002,20140801,119.10,119.10,119.10,119.10,0
OFT002,20140804,120.13,120.13,120.13,120.13,0
OFT002,20140805,119.29,119.29,119.29,119.29,0
OFT002,20140806,118.72,118.72,118.72,118.72,0
OFT002,20140807,117.63,117.63,117.63,117.63,0
OFT002,20140808,116.87,116.87,116.87,116.87,0
OFT002,20140811,118.20,118.20,118.20,118.20,0
OFT002,20140812,117.77,117.77,117.77,117.77,0
OFT002,20140813,118.20,118.20,118.20,118.20,0
OFT002,20140814,118.45,118.45,118.45,118.45,0
OFT002,20140818,119.11,119.11,119.11,119.11,0
OFT002,20140820,119.48,119.48,119.48,119.48,0
OFT002,20140821,119.58,119.58,119.58,119.58,0
OFT002,20140822,119.73,119.73,119.73,119.73,0
OFT002,20140825,120.04,120.04,120.04,120.04,0
OFT002,20140826,121.12,121.12,121.12,121.12,0
OFT002,20140827,122.00,122.00,122.00,122.00,0
OFT002,20140828,120.23,120.23,120.23,120.23,0
OFT002,20140829,120.37,120.37,120.37,120.37,0
OFT002,20140901,121.60,121.60,121.60,121.60,0
OFT002,20140902,121.50,121.50,121.50,121.50,0
OFT002,20140903,123.38,123.38,123.38,123.38,0
OFT002,20140904,124.62,124.62,124.62,124.62,0
OFT002,20140905,124.57,124.57,124.57,124.57,0
OFT002,20140908,124.87,124.87,124.87,124.87,0
OFT002,20140909,124.95,124.95,124.95,124.95,0
OFT002,20140910,125.72,125.72,125.72,125.72,0
OFT002,20140918,128.18,128.18,128.18,128.18,0
OFT002,20140919,128.86,128.86,128.86,128.86,0
OFT002,20140922,128.31,128.31,128.31,128.31,0
OFT002,20140923,127.19,127.19,127.19,127.19,0
OFT002,20140924,126.69,126.69,126.69,126.69,0
OFT002,20140925,127.14,127.14,127.14,127.14,0
OFT002,20140929,127.18,127.18,127.18,127.18,0
OFT002,20140930,127.19,127.19,127.19,127.19,0
OFT002,20141001,125.94,125.94,125.94,125.94,0
OFT002,20141002,124.75,124.75,124.75,124.75,0
OFT002,20141006,125.93,125.93,125.93,125.93,0
OFT002,20141007,125.39,125.39,125.39,125.39,0
OFT002,20141008,124.41,124.41,124.41,124.41,0
OFT002,20141009,124.66,124.66,124.66,124.66,0
OFT002,20141010,123.43,123.43,123.43,123.43,0
OFT002,20141013,123.09,123.09,123.09,123.09,0
OFT002,20141014,122.82,122.82,122.82,122.82,0
OFT002,20141015,122.41,122.41,122.41,122.41,0
OFT002,20141016,121.87,121.87,121.87,121.87,0
OFT002,20141017,122.25,122.25,122.25,122.25,0
OFT002,20141020,122.12,122.12,122.12,122.12,0
OFT002,20141021,123.29,123.29,123.29,123.29,0
OFT002,20141022,123.22,123.22,123.22,123.22,0
OFT002,20141023,122.95,122.95,122.95,122.95,0
OFT002,20141024,123.41,123.41,123.41,123.41,0
OFT002,20141027,123.71,123.71,123.71,123.71,0
OFT002,20141028,123.59,123.59,123.59,123.59,0
OFT002,20141029,123.34,123.34,123.34,123.34,0
OFT002,20141030,123.53,123.53,123.53,123.53,0
OFT002,20141031,124.72,124.72,124.72,124.72,0
OFT002,20141103,124.49,124.49,124.49,124.49,0
OFT002,20141104,124.80,124.80,124.80,124.80,0
OFT002,20141105,124.89,124.89,124.89,124.89,0
OFT002,20141106,124.56,124.56,124.56,124.56,0
OFT002,20141107,124.38,124.38,124.38,124.38,0
OFT002,20141110,124.24,124.24,124.24,124.24,0
OFT002,20141112,124.19,124.19,124.19,124.19,0
OFT002,20141113,123.87,123.87,123.87,123.87,0
OFT002,20141114,123.59,123.59,123.59,123.59,0
OFT002,20141117,123.03,123.03,123.03,123.03,0
OFT002,20141118,123.34,123.34,123.34,123.34,0
OFT002,20141119,123.78,123.78,123.78,123.78,0
OFT002,20141120,123.27,123.27,123.27,123.27,0
OFT002,20141121,123.39,123.39,123.39,123.39,0
OFT002,20141124,123.18,123.18,123.18,123.18,0
OFT002,20141125,122.85,122.85,122.85,122.85,0
OFT002,20141126,123.29,123.29,123.29,123.29,0
OFT002,20141127,123.67,123.67,123.67,123.67,0
OFT002,20141128,124.17,124.17,124.17,124.17,0
OFT002,20141201,123.55,123.55,123.55,123.55,0
OFT002,20141202,124.56,124.56,124.56,124.56,0
OFT002,20141203,125.15,125.15,125.15,125.15,0
OFT002,20141204,124.93,124.93,124.93,124.93,0
OFT002,20141205,125.32,125.32,125.32,125.32,0
OFT002,20141208,124.93,124.93,124.93,124.93,0
OFT002,20141209,124.69,124.69,124.69,124.69,0
OFT002,20141210,123.11,123.11,123.11,123.11,0
OFT002,20141211,122.69,122.69,122.69,122.69,0
OFT002,20141212,122.62,122.62,122.62,122.62,0
OFT002,20141215,122.17,122.17,122.17,122.17,0
OFT002,20141216,121.20,121.20,121.20,121.20,0
OFT002,20141217,121.39,121.39,121.39,121.39,0
OFT002,20141218,122.32,122.32,122.32,122.32,0
OFT002,20141219,121.66,121.66,121.66,121.66,0
OFT002,20141222,121.64,121.64,121.64,121.64,0
OFT002,20141223,122.17,122.17,122.17,122.17,0
OFT002,20141229,122.10,122.10,122.10,122.10,0
OFT002,20141230,122.82,122.82,122.82,122.82,0
OFT002,20150102,122.56,122.56,122.56,122.56,0
OFT002,20150105,121.49,121.49,121.49,121.49,0
OFT002,20150107,122.32,122.32,122.32,122.32,0
OFT002,20150108,123.66,123.66,123.66,123.66,0
OFT002,20150109,124.07,124.07,124.07,124.07,0
OFT002,20150112,123.84,123.84,123.84,123.84,0
OFT002,20150113,123.47,123.47,123.47,123.47,0
OFT002,20150114,122.93,122.93,122.93,122.93,0
OFT002,20150115,121.29,121.29,121.29,121.29,0
OFT002,20150116,120.47,120.47,120.47,120.47,0
OFT002,20150119,119.78,119.78,119.78,119.78,0
OFT002,20150120,120.06,120.06,120.06,120.06,0
OFT002,20150121,121.62,121.62,121.62,121.62,0
OFT002,20150122,122.21,122.21,122.21,122.21,0
OFT002,20150123,123.43,123.43,123.43,123.43,0
OFT002,20150126,123.59,123.59,123.59,123.59,0
OFT002,20150127,124.04,124.04,124.04,124.04,0
OFT002,20150128,123.90,123.90,123.90,123.90,0
OFT002,20150129,124.09,124.09,124.09,124.09,0
OFT002,20150130,124.60,124.60,124.60,124.60,0
OFT002,20150202,124.38,124.38,124.38,124.38,0
OFT002,20150203,124.51,124.51,124.51,124.51,0
OFT002,20150204,124.00,124.00,124.00,124.00,0
OFT002,20150205,124.29,124.29,124.29,124.29,0
OFT002,20150206,124.88,124.88,124.88,124.88,0
OFT002,20150209,124.35,124.35,124.35,124.35,0
OFT002,20150210,124.33,124.33,124.33,124.33,0
OFT002,20150211,124.43,124.43,124.43,124.43,0
OFT002,20150212,124.56,124.56,124.56,124.56,0
OFT002,20150213,125.16,125.16,125.16,125.16,0
OFT002,20150216,125.49,125.49,125.49,125.49,0
OFT002,20150217,125.64,125.64,125.64,125.64,0
OFT002,20150218,125.87,125.87,125.87,125.87,0
OFT002,20150219,126.29,126.29,126.29,126.29,0
OFT002,20150220,126.14,126.14,126.14,126.14,0
OFT002,20150223,126.77,126.77,126.77,126.77,0
OFT002,20150224,127.19,127.19,127.19,127.19,0
OFT002,20150225,127.36,127.36,127.36,127.36,0
OFT002,20150226,128.03,128.03,128.03,128.03,0
OFT002,20150227,129.27,129.27,129.27,129.27,0
OFT002,20150302,130.52,130.52,130.52,130.52,0
OFT002,20150303,129.92,129.92,129.92,129.92,0
OFT002,20150304,131.27,131.27,131.27,131.27,0
OFT002,20150305,132.28,132.28,132.28,132.28,0
OFT002,20150306,132.14,132.14,132.14,132.14,0
OFT002,20150309,132.52,132.52,132.52,132.52,0
OFT002,20150310,131.89,131.89,131.89,131.89,0
OFT002,20150311,132.03,132.03,132.03,132.03,0
OFT002,20150312,132.32,132.32,132.32,132.32,0
OFT002,20150313,132.11,132.11,132.11,132.11,0
OFT002,20150316,132.59,132.59,132.59,132.59,0
OFT002,20150317,132.41,132.41,132.41,132.41,0
OFT002,20150318,132.10,132.10,132.10,132.10,0
OFT002,20150319,132.99,132.99,132.99,132.99,0
OFT002,20150320,133.26,133.26,133.26,133.26,0
OFT002,20150323,133.26,133.26,133.26,133.26,0
OFT002,20150324,132.75,132.75,132.75,132.75,0
OFT002,20150325,132.57,132.57,132.57,132.57,0
OFT002,20150326,131.31,131.31,131.31,131.31,0
OFT002,20150327,131.36,131.36,131.36,131.36,0
OFT002,20150330,132.29,132.29,132.29,132.29,0
OFT002,20150331,132.21,132.21,132.21,132.21,0
OFT002,20150401,131.90,131.90,131.90,131.90,0
OFT002,20150402,132.01,132.01,132.01,132.01,0
OFT002,20150407,132.07,132.07,132.07,132.07,0
OFT002,20150408,132.57,132.57,132.57,132.57,0
OFT002,20150409,133.73,133.73,133.73,133.73,0
OFT002,20150410,133.23,133.23,133.23,133.23,0
OFT002,20150413,133.32,133.32,133.32,133.32,0
OFT002,20150414,133.95,133.95,133.95,133.95,0
OFT002,20150415,134.18,134.18,134.18,134.18,0
OFT002,20150416,134.86,134.86,134.86,134.86,0
OFT002,20150417,134.14,134.14,134.14,134.14,0
OFT002,20150420,135.15,135.15,135.15,135.15,0
OFT002,20150421,135.01,135.01,135.01,135.01,0
OFT002,20150422,135.38,135.38,135.38,135.38,0
OFT002,20150423,135.35,135.35,135.35,135.35,0
OFT002,20150424,135.81,135.81,135.81,135.81,0
OFT002,20150427,136.43,136.43,136.43,136.43,0
OFT002,20150428,135.91,135.91,135.91,135.91,0
OFT002,20150429,135.76,135.76,135.76,135.76,0
OFT002,20150430,136.00,136.00,136.00,136.00,0
OFT002,20150504,136.84,136.84,136.84,136.84,0
OFT002,20150505,136.46,136.46,136.46,136.46,0
OFT002,20150506,137.82,137.82,137.82,137.82,0
OFT002,20150507,137.81,137.81,137.81,137.81,0
OFT002,20150508,138.60,138.60,138.60,138.60,0
OFT002,20150511,138.98,138.98,138.98,138.98,0
OFT002,20150512,138.48,138.48,138.48,138.48,0
OFT002,20150513,138.39,138.39,138.39,138.39,0
OFT002,20150514,138.25,138.25,138.25,138.25,0
OFT002,20150515,138.36,138.36,138.36,138.36,0
OFT002,20150518,138.25,138.25,138.25,138.25,0
OFT002,20150519,137.59,137.59,137.59,137.59,0
OFT002,20150520,137.45,137.45,137.45,137.45,0
OFT002,20150521,137.66,137.66,137.66,137.66,0
OFT002,20150522,137.53,137.53,137.53,137.53,0
OFT002,20150525,136.28,136.28,136.28,136.28,0
OFT002,20150526,135.25,135.25,135.25,135.25,0
OFT002,20150527,136.07,136.07,136.07,136.07,0
OFT002,20150528,136.21,136.21,136.21,136.21,0
OFT002,20150529,136.19,136.19,136.19,136.19,0
OFT002,20150601,136.97,136.97,136.97,136.97,0
OFT002,20150602,136.45,136.45,136.45,136.45,0
OFT002,20150603,136.51,136.51,136.51,136.51,0
OFT002,20150605,135.60,135.60,135.60,135.60,0
OFT002,20150608,134.82,134.82,134.82,134.82,0
OFT002,20150609,133.98,133.98,133.98,133.98,0
OFT002,20150610,134.91,134.91,134.91,134.91,0
OFT002,20150611,134.62,134.62,134.62,134.62,0
OFT002,20150612,134.46,134.46,134.46,134.46,0
OFT002,20150615,134.20,134.20,134.20,134.20,0
OFT002,20150616,134.26,134.26,134.26,134.26,0
OFT002,20150617,133.03,133.03,133.03,133.03,0
OFT002,20150618,133.16,133.16,133.16,133.16,0
OFT002,20150619,132.88,132.88,132.88,132.88,0
OFT002,20150622,134.64,134.64,134.64,134.64,0
OFT002,20150623,134.68,134.68,134.68,134.68,0
OFT002,20150624,134.20,134.20,134.20,134.20,0
OFT002,20150625,134.03,134.03,134.03,134.03,0
OFT002,20150626,134.10,134.10,134.10,134.10,0
OFT002,20150629,132.29,132.29,132.29,132.29,0
OFT002,20150630,132.40,132.40,132.40,132.40,0
OFT002,20150701,132.26,132.26,132.26,132.26,0
OFT002,20150702,132.77,132.77,132.77,132.77,0
OFT002,20150703,132.47,132.47,132.47,132.47,0
OFT002,20150706,132.06,132.06,132.06,132.06,0
OFT002,20150707,131.27,131.27,131.27,131.27,0
OFT002,20150708,130.45,130.45,130.45,130.45,0
OFT002,20150709,130.94,130.94,130.94,130.94,0
OFT002,20150710,132.85,132.85,132.85,132.85,0
OFT002,20150713,134.26,134.26,134.26,134.26,0
OFT002,20150714,134.23,134.23,134.23,134.23,0
OFT002,20150715,134.76,134.76,134.76,134.76,0
OFT002,20150716,136.08,136.08,136.08,136.08,0
OFT002,20150717,136.40,136.40,136.40,136.40,0
OFT002,20150720,136.55,136.55,136.55,136.55,0
OFT002,20150721,136.53,136.53,136.53,136.53,0
OFT002,20150722,135.38,135.38,135.38,135.38,0
OFT002,20150723,135.70,135.70,135.70,135.70,0
OFT002,20150724,136.03,136.03,136.03,136.03,0
OFT002,20150727,135.68,135.68,135.68,135.68,0
OFT002,20150728,135.70,135.70,135.70,135.70,0
OFT002,20150729,136.15,136.15,136.15,136.15,0
OFT002,20150730,136.36,136.36,136.36,136.36,0
OFT002,20150731,137.27,137.27,137.27,137.27,0
OFT002,20150803,137.59,137.59,137.59,137.59,0
OFT002,20150804,139.04,139.04,139.04,139.04,0
OFT002,20150805,140.84,140.84,140.84,140.84,0
OFT002,20150806,139.45,139.45,139.45,139.45,0
OFT002,20150807,139.19,139.19,139.19,139.19,0
OFT002,20150810,140.11,140.11,140.11,140.11,0
OFT002,20150811,140.56,140.56,140.56,140.56,0
OFT002,20150812,140.09,140.09,140.09,140.09,0
OFT002,20150813,140.02,140.02,140.02,140.02,0
OFT002,20150814,140.37,140.37,140.37,140.37,0
OFT002,20150817,139.33,139.33,139.33,139.33,0
OFT002,20150818,138.52,138.52,138.52,138.52,0
OFT002,20150819,139.19,139.19,139.19,139.19,0
OFT002,20150820,138.52,138.52,138.52,138.52,0
OFT002,20150821,136.26,136.26,136.26,136.26,0
OFT002,20150824,130.14,130.14,130.14,130.14,0
OFT002,20150825,130.82,130.82,130.82,130.82,0
OFT002,20150826,130.56,130.56,130.56,130.56,0
OFT002,20150827,132.97,132.97,132.97,132.97,0
OFT002,20150828,134.15,134.15,134.15,134.15,0
OFT002,20150831,134.53,134.53,134.53,134.53,0
OFT002,20150901,133.01,133.01,133.01,133.01,0
OFT002,20150902,133.05,133.05,133.05,133.05,0
OFT002,20150903,133.70,133.70,133.70,133.70,0
OFT002,20150904,133.67,133.67,133.67,133.67,0
OFT002,20150907,133.33,133.33,133.33,133.33,0
OFT002,20150908,133.87,133.87,133.87,133.87,0
OFT002,20150909,134.19,134.19,134.19,134.19,0
OFT002,20150910,134.43,134.43,134.43,134.43,0
OFT002,20150911,134.01,134.01,134.01,134.01,0
OFT002,20150914,133.89,133.89,133.89,133.89,0
OFT002,20150915,133.69,133.69,133.69,133.69,0
OFT002,20150916,134.29,134.29,134.29,134.29,0
OFT002,20150917,134.26,134.26,134.26,134.26,0
OFT002,20150918,134.22,134.22,134.22,134.22,0
OFT002,20150921,134.44,134.44,134.44,134.44,0
OFT002,20150922,133.36,133.36,133.36,133.36,0
OFT002,20150923,132.10,132.10,132.10,132.10,0
OFT002,20150924,131.37,131.37,131.37,131.37,0
OFT002,20150925,131.74,131.74,131.74,131.74,0
OFT002,20150928,130.33,130.33,130.33,130.33,0
OFT002,20150929,130.17,130.17,130.17,130.17,0
OFT002,20150930,131.45,131.45,131.45,131.45,0
OFT002,20151001,131.94,131.94,131.94,131.94,0
OFT002,20151002,131.24,131.24,131.24,131.24,0
OFT002,20151005,132.66,132.66,132.66,132.66,0
OFT002,20151006,134.08,134.08,134.08,134.08,0
OFT002,20151007,134.81,134.81,134.81,134.81,0
OFT002,20151008,134.60,134.60,134.60,134.60,0
OFT002,20151009,136.29,136.29,136.29,136.29,0
OFT002,20151012,135.97,135.97,135.97,135.97,0
OFT002,20151013,135.14,135.14,135.14,135.14,0
OFT002,20151014,135.18,135.18,135.18,135.18,0
OFT002,20151015,136.15,136.15,136.15,136.15,0
OFT002,20151016,136.08,136.08,136.08,136.08,0
OFT002,20151019,136.08,136.08,136.08,136.08,0
OFT002,20151020,136.97,136.97,136.97,136.97,0
OFT002,20151021,136.17,136.17,136.17,136.17,0
OFT002,20151022,135.59,135.59,135.59,135.59,0
OFT002,20151023,136.01,136.01,136.01,136.01,0
OFT002,20151026,136.08,136.08,136.08,136.08,0
OFT002,20151027,136.19,136.19,136.19,136.19,0
OFT002,20151028,136.55,136.55,136.55,136.55,0
OFT002,20151029,134.84,134.84,134.84,134.84,0
OFT002,20151030,135.11,135.11,135.11,135.11,0
OFT002,20151102,135.97,135.97,135.97,135.97,0
OFT002,20151103,135.95,135.95,135.95,135.95,0
OFT002,20151104,136.71,136.71,136.71,136.71,0
OFT002,20151105,136.67,136.67,136.67,136.67,0
OFT002,20151106,135.78,135.78,135.78,135.78,0
OFT002,20151109,135.83,135.83,135.83,135.83,0
OFT002,20151110,135.73,135.73,135.73,135.73,0
OFT002,20151112,135.23,135.23,135.23,135.23,0
OFT002,20151113,134.46,134.46,134.46,134.46,0
OFT002,20151116,133.62,133.62,133.62,133.62,0
OFT002,20151117,134.11,134.11,134.11,134.11,0
OFT002,20151118,133.78,133.78,133.78,133.78,0
OFT002,20151119,134.00,134.00,134.00,134.00,0
OFT002,20151120,133.99,133.99,133.99,133.99,0
OFT002,20151123,132.55,132.55,132.55,132.55,0
OFT002,20151124,132.02,132.02,132.02,132.02,0
OFT002,20151125,132.45,132.45,132.45,132.45,0
OFT002,20151126,133.37,133.37,133.37,133.37,0
OFT002,20151127,133.31,133.31,133.31,133.31,0
OFT002,20151130,133.83,133.83,133.83,133.83,0
OFT002,20151201,133.53,133.53,133.53,133.53,0
OFT002,20151202,132.08,132.08,132.08,132.08,0
OFT002,20151203,131.82,131.82,131.82,131.82,0
OFT002,20151204,130.45,130.45,130.45,130.45,0
OFT002,20151207,130.65,130.65,130.65,130.65,0
OFT002,20151208,130.04,130.04,130.04,130.04,0
OFT002,20151209,128.42,128.42,128.42,128.42,0
OFT002,20151210,128.30,128.30,128.30,128.30,0
OFT002,20151211,126.65,126.65,126.65,126.65,0
OFT002,20151214,124.55,124.55,124.55,124.55,0
OFT002,20151215,125.77,125.77,125.77,125.77,0
OFT002,20151216,126.33,126.33,126.33,126.33,0
OFT002,20151217,127.64,127.64,127.64,127.64,0
OFT002,20151218,127.83,127.83,127.83,127.83,0
OFT002,20151221,128.98,128.98,128.98,128.98,0
OFT002,20151222,128.99,128.99,128.99,128.99,0
OFT002,20151223,129.35,129.35,129.35,129.35,0
OFT002,20151228,129.73,129.73,129.73,129.73,0
OFT002,20151229,130.92,130.92,130.92,130.92,0
OFT002,20151230,130.50,130.50,130.50,130.50,0
OFT002,20160104,128.69,128.69,128.69,128.69,0
OFT002,20160105,129.24,129.24,129.24,129.24,0
OFT002,20160107,127.31,127.31,127.31,127.31,0
OFT002,20160108,126.41,126.41,126.41,126.41,0
OFT002,20160111,125.10,125.10,125.10,125.10,0
OFT002,20160112,126.79,126.79,126.79,126.79,0
OFT002,20160113,127.43,127.43,127.43,127.43,0
OFT002,20160114,126.36,126.36,126.36,126.36,0
OFT002,20160115,125.13,125.13,125.13,125.13,0
OFT002,20160118,122.79,122.79,122.79,122.79,0
OFT002,20160119,123.12,123.12,123.12,123.12,0
OFT002,20160120,121.19,121.19,121.19,121.19,0
OFT002,20160121,120.39,120.39,120.39,120.39,0
OFT002,20160122,121.66,121.66,121.66,121.66,0
OFT002,20160125,122.47,122.47,122.47,122.47,0
OFT002,20160126,122.41,122.41,122.41,122.41,0
OFT002,20160127,122.66,122.66,122.66,122.66,0
OFT002,20160128,123.26,123.26,123.26,123.26,0
OFT002,20160129,124.05,124.05,124.05,124.05,0
OFT002,20160201,124.47,124.47,124.47,124.47,0
OFT002,20160202,124.39,124.39,124.39,124.39,0
OFT002,20160203,124.15,124.15,124.15,124.15,0
OFT002,20160204,124.94,124.94,124.94,124.94,0
OFT002,20160205,125.17,125.17,125.17,125.17,0
OFT002,20160208,124.06,124.06,124.06,124.06,0
OFT002,20160209,123.31,123.31,123.31,123.31,0
OFT002,20160210,122.69,122.69,122.69,122.69,0
