Name,Date,Open,High,Low,Close,Volume
OFT006,20121108,100.25,100.25,100.25,100.25,0
OFT006,20121109,100.22,100.22,100.22,100.22,0
OFT006,20121112,100.23,100.23,100.23,100.23,0
OFT006,20121113,100.37,100.37,100.37,100.37,0
OFT006,20121114,100.43,100.43,100.43,100.43,0
OFT006,20121115,100.45,100.45,100.45,100.45,0
OFT006,20121116,100.37,100.37,100.37,100.37,0
OFT006,20121119,100.58,100.58,100.58,100.58,0
OFT006,20121120,100.58,100.58,100.58,100.58,0
OFT006,20121121,100.50,100.50,100.50,100.50,0
OFT006,20121122,100.41,100.41,100.41,100.41,0
OFT006,20121123,100.57,100.57,100.57,100.57,0
OFT006,20121126,100.64,100.64,100.64,100.64,0
OFT006,20121127,100.80,100.80,100.80,100.80,0
OFT006,20121128,100.79,100.79,100.79,100.79,0
OFT006,20121129,100.81,100.81,100.81,100.81,0
OFT006,20121130,100.89,100.89,100.89,100.89,0
OFT006,20121203,100.98,100.98,100.98,100.98,0
OFT006,20121204,101.14,101.14,101.14,101.14,0
OFT006,20121205,101.30,101.30,101.30,101.30,0
OFT006,20121206,101.46,101.46,101.46,101.46,0
OFT006,20121207,101.24,101.24,101.24,101.24,0
OFT006,20121210,102.97,102.97,102.97,102.97,0
OFT006,20121211,103.28,103.28,103.28,103.28,0
OFT006,20121212,103.36,103.36,103.36,103.36,0
OFT006,20121213,103.31,103.31,103.31,103.31,0
OFT006,20121214,103.71,103.71,103.71,103.71,0
OFT006,20121217,103.91,103.91,103.91,103.91,0
OFT006,20121218,103.81,103.81,103.81,103.81,0
OFT006,20121219,104.47,104.47,104.47,104.47,0
OFT006,20121220,104.51,104.51,104.51,104.51,0
OFT006,20121221,104.65,104.65,104.65,104.65,0
OFT006,20121227,104.40,104.40,104.40,104.40,0
OFT006,20121228,104.23,104.23,104.23,104.23,0
OFT006,20130102,104.50,104.50,104.50,104.50,0
OFT006,20130103,104.76,104.76,104.76,104.76,0
OFT006,20130104,104.38,104.38,104.38,104.38,0
OFT006,20130107,104.17,104.17,104.17,104.17,0
OFT006,20130108,104.09,104.09,104.09,104.09,0
OFT006,20130109,104.13,104.13,104.13,104.13,0
OFT006,20130110,104.46,104.46,104.46,104.46,0
OFT006,20130111,104.56,104.56,104.56,104.56,0
OFT006,20130114,104.64,104.64,104.64,104.64,0
OFT006,20130115,104.81,104.81,104.81,104.81,0
OFT006,20130116,105.25,105.25,105.25,105.25,0
OFT006,20130117,105.41,105.41,105.41,105.41,0
OFT006,20130118,105.53,105.53,105.53,105.53,0
OFT006,20130121,105.55,105.55,105.55,105.55,0
OFT006,20130122,105.48,105.48,105.48,105.48,0
OFT006,20130123,105.46,105.46,105.46,105.46,0
OFT006,20130124,105.57,105.57,105.57,105.57,0
OFT006,20130125,105.31,105.31,105.31,105.31,0
OFT006,20130128,105.12,105.12,105.12,105.12,0
OFT006,20130129,105.12,105.12,105.12,105.12,0
OFT006,20130130,104.81,104.81,104.81,104.81,0
OFT006,20130131,104.76,104.76,104.76,104.76,0
OFT006,20130201,104.82,104.82,104.82,104.82,0
OFT006,20130204,104.57,104.57,104.57,104.57,0
OFT006,20130205,104.65,104.65,104.65,104.65,0
OFT006,20130206,104.35,104.35,104.35,104.35,0
OFT006,20130207,107.01,107.01,107.01,107.01,0
OFT006,20130208,107.21,107.21,107.21,107.21,0
OFT006,20130211,107.05,107.05,107.05,107.05,0
OFT006,20130212,106.65,106.65,106.65,106.65,0
OFT006,20130213,106.88,106.88,106.88,106.88,0
OFT006,20130214,106.89,106.89,106.89,106.89,0
OFT006,20130215,106.96,106.96,106.96,106.96,0
OFT006,20130218,107.17,107.17,107.17,107.17,0
OFT006,20130219,107.11,107.11,107.11,107.11,0
OFT006,20130220,106.85,106.85,106.85,106.85,0
OFT006,20130221,106.77,106.77,106.77,106.77,0
OFT006,20130222,106.85,106.85,106.85,106.85,0
OFT006,20130225,107.04,107.04,107.04,107.04,0
OFT006,20130226,106.84,106.84,106.84,106.84,0
OFT006,20130227,107.05,107.05,107.05,107.05,0
OFT006,20130228,107.11,107.11,107.11,107.11,0
OFT006,20130301,107.28,107.28,107.28,107.28,0
OFT006,20130304,107.16,107.16,107.16,107.16,0
OFT006,20130305,107.49,107.49,107.49,107.49,0
OFT006,20130306,107.55,107.55,107.55,107.55,0
OFT006,20130307,107.52,107.52,107.52,107.52,0
OFT006,20130308,107.70,107.70,107.70,107.70,0
OFT006,20130311,107.62,107.62,107.62,107.62,0
OFT006,20130312,107.62,107.62,107.62,107.62,0
OFT006,20130313,107.51,107.51,107.51,107.51,0
OFT006,20130314,107.53,107.53,107.53,107.53,0
OFT006,20130315,107.58,107.58,107.58,107.58,0
OFT006,20130318,107.39,107.39,107.39,107.39,0
OFT006,20130319,107.12,107.12,107.12,107.12,0
OFT006,20130320,107.08,107.08,107.08,107.08,0
OFT006,20130321,106.93,106.93,106.93,106.93,0
OFT006,20130322,106.69,106.69,106.69,106.69,0
OFT006,20130325,106.50,106.50,106.50,106.50,0
OFT006,20130326,106.56,106.56,106.56,106.56,0
OFT006,20130327,106.78,106.78,106.78,106.78,0
OFT006,20130328,106.72,106.72,106.72,106.72,0
OFT006,20130402,106.97,106.97,106.97,106.97,0
OFT006,20130403,106.75,106.75,106.75,106.75,0
OFT006,20130404,106.74,106.74,106.74,106.74,0
OFT006,20130405,106.71,106.71,106.71,106.71,0
OFT006,20130408,106.73,106.73,106.73,106.73,0
OFT006,20130409,106.77,106.77,106.77,106.77,0
OFT006,20130410,106.95,106.95,106.95,106.95,0
OFT006,20130411,107.27,107.27,107.27,107.27,0
OFT006,20130412,107.26,107.26,107.26,107.26,0
OFT006,20130415,106.87,106.87,106.87,106.87,0
OFT006,20130417,106.58,106.58,106.58,106.58,0
OFT006,20130418,106.30,106.30,106.30,106.30,0
OFT006,20130419,106.38,106.38,106.38,106.38,0
OFT006,20130422,106.36,106.36,106.36,106.36,0
OFT006,20130423,106.35,106.35,106.35,106.35,0
OFT006,20130424,106.70,106.70,106.70,106.70,0
OFT006,20130425,106.73,106.73,106.73,106.73,0
OFT006,20130426,106.80,106.80,106.80,106.80,0
OFT006,20130429,106.90,106.90,106.90,106.90,0
OFT006,20130430,107.09,107.09,107.09,107.09,0
OFT006,20130502,107.02,107.02,107.02,107.02,0
OFT006,20130506,107.31,107.31,107.31,107.31,0
OFT006,20130507,107.36,107.36,107.36,107.36,0
OFT006,20130508,107.52,107.52,107.52,107.52,0
OFT006,20130509,107.42,107.42,107.42,107.42,0
OFT006,20130510,107.38,107.38,107.38,107.38,0
OFT006,20130513,107.57,107.57,107.57,107.57,0
OFT006,20130514,107.89,107.89,107.89,107.89,0
OFT006,20130515,108.08,108.08,108.08,108.08,0
OFT006,20130516,107.97,107.97,107.97,107.97,0
OFT006,20130517,107.98,107.98,107.98,107.98,0
OFT006,20130520,107.87,107.87,107.87,107.87,0
OFT006,20130521,107.81,107.81,107.81,107.81,0
OFT006,20130522,107.80,107.80,107.80,107.80,0
OFT006,20130523,107.70,107.70,107.70,107.70,0
OFT006,20130524,107.94,107.94,107.94,107.94,0
OFT006,20130527,108.53,108.53,108.53,108.53,0
OFT006,20130528,108.70,108.70,108.70,108.70,0
OFT006,20130529,108.72,108.72,108.72,108.72,0
OFT006,20130531,108.95,108.95,108.95,108.95,0
OFT006,20130603,108.49,108.49,108.49,108.49,0
OFT006,20130604,108.68,108.68,108.68,108.68,0
OFT006,20130605,108.75,108.75,108.75,108.75,0
OFT006,20130606,108.53,108.53,108.53,108.53,0
OFT006,20130607,109.10,109.10,109.10,109.10,0
OFT006,20130610,109.04,109.04,109.04,109.04,0
OFT006,20130611,108.94,108.94,108.94,108.94,0
OFT006,20130612,108.94,108.94,108.94,108.94,0
OFT006,20130613,108.90,108.90,108.90,108.90,0
OFT006,20130614,109.09,109.09,109.09,109.09,0
OFT006,20130617,108.90,108.90,108.90,108.90,0
OFT006,20130618,108.88,108.88,108.88,108.88,0
OFT006,20130619,108.65,108.65,108.65,108.65,0
OFT006,20130620,107.33,107.33,107.33,107.33,0
OFT006,20130621,106.50,106.50,106.50,106.50,0
OFT006,20130624,106.41,106.41,106.41,106.41,0
OFT006,20130625,106.67,106.67,106.67,106.67,0
OFT006,20130626,106.82,106.82,106.82,106.82,0
OFT006,20130627,106.49,106.49,106.49,106.49,0
OFT006,20130628,107.30,107.30,107.30,107.30,0
OFT006,20130701,107.34,107.34,107.34,107.34,0
OFT006,20130702,107.93,107.93,107.93,107.93,0
OFT006,20130703,107.73,107.73,107.73,107.73,0
OFT006,20130705,107.71,107.71,107.71,107.71,0
OFT006,20130708,107.39,107.39,107.39,107.39,0
OFT006,20130709,107.37,107.37,107.37,107.37,0
OFT006,20130710,107.80,107.80,107.80,107.80,0
OFT006,20130711,108.15,108.15,108.15,108.15,0
OFT006,20130712,108.47,108.47,108.47,108.47,0
OFT006,20130715,108.47,108.47,108.47,108.47,0
OFT006,20130716,108.44,108.44,108.44,108.44,0
OFT006,20130717,108.48,108.48,108.48,108.48,0
OFT006,20130718,108.49,108.49,108.49,108.49,0
OFT006,20130719,108.61,108.61,108.61,108.61,0
OFT006,20130722,108.62,108.62,108.62,108.62,0
OFT006,20130723,108.73,108.73,108.73,108.73,0
OFT006,20130724,108.70,108.70,108.70,108.70,0
OFT006,20130725,108.61,108.61,108.61,108.61,0
OFT006,20130726,108.36,108.36,108.36,108.36,0
OFT006,20130729,108.54,108.54,108.54,108.54,0
OFT006,20130730,108.56,108.56,108.56,108.56,0
OFT006,20130731,108.59,108.59,108.59,108.59,0
OFT006,20130801,108.78,108.78,108.78,108.78,0
OFT006,20130802,109.28,109.28,109.28,109.28,0
OFT006,20130805,109.31,109.31,109.31,109.31,0
OFT006,20130806,109.09,109.09,109.09,109.09,0
OFT006,20130807,109.28,109.28,109.28,109.28,0
OFT006,20130808,109.59,109.59,109.59,109.59,0
OFT006,20130809,109.70,109.70,109.70,109.70,0
OFT006,20130812,109.91,109.91,109.91,109.91,0
OFT006,20130813,109.92,109.92,109.92,109.92,0
OFT006,20130814,110.01,110.01,110.01,110.01,0
OFT006,20130816,109.84,109.84,109.84,109.84,0
OFT006,20130819,109.74,109.74,109.74,109.74,0
OFT006,20130820,109.47,109.47,109.47,109.47,0
OFT006,20130821,109.41,109.41,109.41,109.41,0
OFT006,20130822,109.79,109.79,109.79,109.79,0
OFT006,20130823,109.72,109.72,109.72,109.72,0
OFT006,20130826,109.96,109.96,109.96,109.96,0
OFT006,20130827,109.47,109.47,109.47,109.47,0
OFT006,20130828,109.31,109.31,109.31,109.31,0
OFT006,20130829,109.41,109.41,109.41,109.41,0
OFT006,20130830,109.56,109.56,109.56,109.56,0
OFT006,20130902,110.04,110.04,110.04,110.04,0
OFT006,20130903,109.71,109.71,109.71,109.71,0
OFT006,20130904,108.92,108.92,108.92,108.92,0
OFT006,20130905,107.93,107.93,107.93,107.93,0
OFT006,20130906,108.28,108.28,108.28,108.28,0
OFT006,20130909,108.93,108.93,108.93,108.93,0
OFT006,20130910,109.47,109.47,109.47,109.47,0
OFT006,20130911,109.79,109.79,109.79,109.79,0
OFT006,20130912,110.11,110.11,110.11,110.11,0
OFT006,20130913,109.88,109.88,109.88,109.88,0
OFT006,20130916,109.66,109.66,109.66,109.66,0
OFT006,20130917,109.88,109.88,109.88,109.88,0
OFT006,20130918,109.94,109.94,109.94,109.94,0
OFT006,20130919,110.40,110.40,110.40,110.40,0
OFT006,20130920,110.41,110.41,110.41,110.41,0
OFT006,20130923,110.35,110.35,110.35,110.35,0
OFT006,20130924,110.29,110.29,110.29,110.29,0
OFT006,20130925,110.47,110.47,110.47,110.47,0
OFT006,20130926,110.76,110.76,110.76,110.76,0
OFT006,20130927,110.53,110.53,110.53,110.53,0
OFT006,20130930,110.28,110.28,110.28,110.28,0
OFT006,20131001,110.41,110.41,110.41,110.41,0
OFT006,20131002,110.45,110.45,110.45,110.45,0
OFT006,20131003,110.63,110.63,110.63,110.63,0
OFT006,20131004,110.34,110.34,110.34,110.34,0
OFT006,20131007,110.25,110.25,110.25,110.25,0
OFT006,20131008,110.15,110.15,110.15,110.15,0
OFT006,20131009,110.29,110.29,110.29,110.29,0
OFT006,20131010,111.03,111.03,111.03,111.03,0
OFT006,20131011,111.26,111.26,111.26,111.26,0
OFT006,20131014,111.42,111.42,111.42,111.42,0
OFT006,20131015,111.44,111.44,111.44,111.44,0
OFT006,20131016,111.56,111.56,111.56,111.56,0
OFT006,20131017,111.47,111.47,111.47,111.47,0
OFT006,20131018,111.49,111.49,111.49,111.49,0
OFT006,20131021,112.09,112.09,112.09,112.09,0
OFT006,20131022,112.41,112.41,112.41,112.41,0
OFT006,20131023,112.26,112.26,112.26,112.26,0
OFT006,20131024,112.61,112.61,112.61,112.61,0
OFT006,20131025,112.30,112.30,112.30,112.30,0
OFT006,20131028,112.50,112.50,112.50,112.50,0
OFT006,20131029,112.87,112.87,112.87,112.87,0
OFT006,20131030,112.88,112.88,112.88,112.88,0
OFT006,20131031,112.58,112.58,112.58,112.58,0
OFT006,20131104,112.71,112.71,112.71,112.71,0
OFT006,20131105,112.49,112.49,112.49,112.49,0
OFT006,20131106,112.71,112.71,112.71,112.71,0
OFT006,20131107,113.18,113.18,113.18,113.18,0
OFT006,20131108,112.96,112.96,112.96,112.96,0
OFT006,20131112,113.10,113.10,113.10,113.10,0
OFT006,20131113,113.18,113.18,113.18,113.18,0
OFT006,20131114,113.65,113.65,113.65,113.65,0
OFT006,20131115,113.96,113.96,113.96,113.96,0
OFT006,20131118,115.12,115.12,115.12,115.12,0
OFT006,20131119,114.92,114.92,114.92,114.92,0
OFT006,20131120,114.90,114.90,114.90,114.90,0
OFT006,20131121,115.25,115.25,115.25,115.25,0
OFT006,20131122,115.34,115.34,115.34,115.34,0
OFT006,20131125,115.77,115.77,115.77,115.77,0
OFT006,20131126,114.93,114.93,114.93,114.93,0
OFT006,20131127,115.07,115.07,115.07,115.07,0
OFT006,20131128,114.90,114.90,114.90,114.90,0
OFT006,20131129,115.11,115.11,115.11,115.11,0
OFT006,20131202,114.76,114.76,114.76,114.76,0
OFT006,20131203,114.60,114.60,114.60,114.60,0
OFT006,20131204,114.44,114.44,114.44,114.44,0
OFT006,20131205,114.43,114.43,114.43,114.43,0
OFT006,20131206,114.58,114.58,114.58,114.58,0
OFT006,20131209,114.63,114.63,114.63,114.63,0
OFT006,20131210,114.70,114.70,114.70,114.70,0
OFT006,20131211,114.53,114.53,114.53,114.53,0
OFT006,20131212,114.36,114.36,114.36,114.36,0
OFT006,20131213,114.80,114.80,114.80,114.80,0
OFT006,20131216,114.77,114.77,114.77,114.77,0
OFT006,20131217,114.64,114.64,114.64,114.64,0
OFT006,20131218,114.73,114.73,114.73,114.73,0
OFT006,20131219,114.62,114.62,114.62,114.62,0
OFT006,20131220,114.73,114.73,114.73,114.73,0
OFT006,20131223,114.79,114.79,114.79,114.79,0
OFT006,20131227,114.75,114.75,114.75,114.75,0
OFT006,20131230,114.84,114.84,114.84,114.84,0
OFT006,20140102,114.78,114.78,114.78,114.78,0
OFT006,20140103,114.59,114.59,114.59,114.59,0
OFT006,20140107,114.34,114.34,114.34,114.34,0
OFT006,20140108,114.40,114.40,114.40,114.40,0
OFT006,20140109,114.29,114.29,114.29,114.29,0
OFT006,20140110,114.21,114.21,114.21,114.21,0
OFT006,20140113,114.61,114.61,114.61,114.61,0
OFT006,20140114,114.58,114.58,114.58,114.58,0
OFT006,20140115,114.70,114.70,114.70,114.70,0
OFT006,20140116,114.91,114.91,114.91,114.91,0
OFT006,20140117,114.71,114.71,114.71,114.71,0
OFT006,20140120,114.66,114.66,114.66,114.66,0
OFT006,20140121,114.86,114.86,114.86,114.86,0
OFT006,20140122,114.99,114.99,114.99,114.99,0
OFT006,20140123,114.84,114.84,114.84,114.84,0
OFT006,20140124,114.53,114.53,114.53,114.53,0
OFT006,20140127,114.27,114.27,114.27,114.27,0
OFT006,20140128,114.40,114.40,114.40,114.40,0
OFT006,20140129,114.22,114.22,114.22,114.22,0
OFT006,20140130,114.24,114.24,114.24,114.24,0
OFT006,20140131,114.44,114.44,114.44,114.44,0
OFT006,20140203,114.56,114.56,114.56,114.56,0
OFT006,20140204,114.74,114.74,114.74,114.74,0
OFT006,20140205,114.81,114.81,114.81,114.81,0
OFT006,20140206,115.29,115.29,115.29,115.29,0
OFT006,20140207,115.38,115.38,115.38,115.38,0
OFT006,20140210,115.12,115.12,115.12,115.12,0
OFT006,20140211,115.27,115.27,115.27,115.27,0
OFT006,20140212,115.64,115.64,115.64,115.64,0
OFT006,20140213,115.64,115.64,115.64,115.64,0
OFT006,20140214,115.67,115.67,115.67,115.67,0
OFT006,20140217,115.69,115.69,115.69,115.69,0
OFT006,20140218,115.51,115.51,115.51,115.51,0
OFT006,20140219,115.62,115.62,115.62,115.62,0
OFT006,20140220,115.34,115.34,115.34,115.34,0
OFT006,20140221,115.55,115.55,115.55,115.55,0
OFT006,20140224,115.88,115.88,115.88,115.88,0
OFT006,20140225,115.71,115.71,115.71,115.71,0
OFT006,20140226,115.38,115.38,115.38,115.38,0
OFT006,20140227,115.31,115.31,115.31,115.31,0
OFT006,20140228,115.63,115.63,115.63,115.63,0
OFT006,20140303,114.43,114.43,114.43,114.43,0
OFT006,20140304,114.79,114.79,114.79,114.79,0
OFT006,20140305,114.75,114.75,114.75,114.75,0
OFT006,20140306,114.81,114.81,114.81,114.81,0
OFT006,20140307,114.58,114.58,114.58,114.58,0
OFT006,20140310,114.31,114.31,114.31,114.31,0
OFT006,20140311,114.32,114.32,114.32,114.32,0
OFT006,20140312,113.96,113.96,113.96,113.96,0
OFT006,20140313,113.68,113.68,113.68,113.68,0
OFT006,20140314,113.55,113.55,113.55,113.55,0
OFT006,20140317,114.19,114.19,114.19,114.19,0
OFT006,20140318,114.11,114.11,114.11,114.11,0
OFT006,20140319,113.94,113.94,113.94,113.94,0
OFT006,20140320,114.13,114.13,114.13,114.13,0
OFT006,20140321,114.14,114.14,114.14,114.14,0
OFT006,20140324,114.07,114.07,114.07,114.07,0
OFT006,20140325,114.36,114.36,114.36,114.36,0
OFT006,20140326,114.67,114.67,114.67,114.67,0
OFT006,20140327,114.67,114.67,114.67,114.67,0
OFT006,20140328,114.78,114.78,114.78,114.78,0
OFT006,20140331,115.20,115.20,115.20,115.20,0
OFT006,20140401,115.29,115.29,115.29,115.29,0
OFT006,20140402,115.28,115.28,115.28,115.28,0
OFT006,20140403,114.98,114.98,114.98,114.98,0
OFT006,20140404,115.16,115.16,115.16,115.16,0
OFT006,20140407,115.01,115.01,115.01,115.01,0
OFT006,20140408,115.14,115.14,115.14,115.14,0
OFT006,20140409,115.00,115.00,115.00,115.00,0
OFT006,20140410,115.16,115.16,115.16,115.16,0
OFT006,20140411,115.10,115.10,115.10,115.10,0
OFT006,20140414,114.89,114.89,114.89,114.89,0
OFT006,20140415,114.63,114.63,114.63,114.63,0
OFT006,20140416,114.39,114.39,114.39,114.39,0
OFT006,20140417,114.76,114.76,114.76,114.76,0
OFT006,20140422,114.97,114.97,114.97,114.97,0
OFT006,20140423,114.87,114.87,114.87,114.87,0
OFT006,20140424,114.75,114.75,114.75,114.75,0
OFT006,20140425,114.61,114.61,114.61,114.61,0
OFT006,20140428,114.62,114.62,114.62,114.62,0
OFT006,20140429,114.78,114.78,114.78,114.78,0
OFT006,20140430,114.82,114.82,114.82,114.82,0
OFT006,20140502,114.74,114.74,114.74,114.74,0
OFT006,20140505,114.50,114.50,114.50,114.50,0
OFT006,20140506,114.43,114.43,114.43,114.43,0
OFT006,20140507,114.36,114.36,114.36,114.36,0
OFT006,20140508,114.45,114.45,114.45,114.45,0
OFT006,20140509,114.29,114.29,114.29,114.29,0
OFT006,20140512,114.54,114.54,114.54,114.54,0
OFT006,20140513,114.60,114.60,114.60,114.60,0
OFT006,20140514,114.75,114.75,114.75,114.75,0
OFT006,20140515,114.57,114.57,114.57,114.57,0
OFT006,20140516,114.59,114.59,114.59,114.59,0
OFT006,20140519,114.53,114.53,114.53,114.53,0
OFT006,20140520,114.51,114.51,114.51,114.51,0
OFT006,20140521,114.60,114.60,114.60,114.60,0
OFT006,20140522,114.83,114.83,114.83,114.83,0
OFT006,20140523,115.00,115.00,115.00,115.00,0
OFT006,20140526,115.02,115.02,115.02,115.02,0
OFT006,20140527,114.93,114.93,114.93,114.93,0
OFT006,20140528,114.90,114.90,114.90,114.90,0
OFT006,20140529,114.83,114.83,114.83,114.83,0
OFT006,20140530,114.62,114.62,114.62,114.62,0
OFT006,20140602,114.62,114.62,114.62,114.62,0
OFT006,20140603,114.58,114.58,114.58,114.58,0
OFT006,20140604,114.79,114.79,114.79,114.79,0
OFT006,20140605,114.92,114.92,114.92,114.92,0
OFT006,20140606,115.22,115.22,115.22,115.22,0
OFT006,20140609,115.14,115.14,115.14,115.14,0
OFT006,20140610,115.09,115.09,115.09,115.09,0
OFT006,20140611,115.09,115.09,115.09,115.09,0
OFT006,20140612,114.92,114.92,114.92,114.92,0
OFT006,20140613,114.92,114.92,114.92,114.92,0
OFT006,20140616,114.92,114.92,114.92,114.92,0
OFT006,20140617,115.03,115.03,115.03,115.03,0
OFT006,20140618,114.89,114.89,114.89,114.89,0
OFT006,20140620,114.86,114.86,114.86,114.86,0
OFT006,20140623,114.89,114.89,114.89,114.89,0
OFT006,20140624,114.82,114.82,114.82,114.82,0
OFT006,20140625,114.51,114.51,114.51,114.51,0
OFT006,20140626,114.34,114.34,114.34,114.34,0
OFT006,20140627,114.25,114.25,114.25,114.25,0
OFT006,20140630,114.44,114.44,114.44,114.44,0
OFT006,20140701,114.26,114.26,114.26,114.26,0
OFT006,20140702,113.75,113.75,113.75,113.75,0
OFT006,20140703,113.61,113.61,113.61,113.61,0
OFT006,20140704,113.70,113.70,113.70,113.70,0
OFT006,20140707,113.75,113.75,113.75,113.75,0
OFT006,20140708,113.66,113.66,113.66,113.66,0
OFT006,20140709,113.45,113.45,113.45,113.45,0
OFT006,20140710,113.38,113.38,113.38,113.38,0
OFT006,20140711,113.59,113.59,113.59,113.59,0
OFT006,20140714,113.74,113.74,113.74,113.74,0
OFT006,20140715,113.76,113.76,113.76,113.76,0
OFT006,20140716,113.84,113.84,113.84,113.84,0
OFT006,20140717,113.90,113.90,113.90,113.90,0
OFT006,20140718,113.81,113.81,113.81,113.81,0
OFT006,20140721,113.76,113.76,113.76,113.76,0
OFT006,20140722,113.97,113.97,113.97,113.97,0
OFT006,20140723,113.99,113.99,113.99,113.99,0
OFT006,20140724,113.96,113.96,113.96,113.96,0
OFT006,20140725,113.89,113.89,113.89,113.89,0
OFT006,20140728,113.86,113.86,113.86,113.86,0
OFT006,20140729,113.79,113.79,113.79,113.79,0
OFT006,20140730,113.49,113.49,113.49,113.49,0
OFT006,20140731,113.12,113.12,113.12,113.12,0
OFT006,20140801,113.20,113.20,113.20,113.20,0
OFT006,20140804,113.43,113.43,113.43,113.43,0
OFT006,20140805,113.33,113.33,113.33,113.33,0
OFT006,20140806,113.28,113.28,113.28,113.28,0
OFT006,20140807,113.11,113.11,113.11,113.11,0
OFT006,20140808,112.96,112.96,112.96,112.96,0
OFT006,20140811,113.33,113.33,113.33,113.33,0
OFT006,20140812,113.30,113.30,113.30,113.30,0
OFT006,20140813,113.55,113.55,113.55,113.55,0
OFT006,20140814,113.78,113.78,113.78,113.78,0
OFT006,20140818,114.05,114.05,114.05,114.05,0
OFT006,20140820,114.10,114.10,114.10,114.10,0
OFT006,20140821,114.09,114.09,114.09,114.09,0
OFT006,20140822,114.01,114.01,114.01,114.01,0
OFT006,20140825,114.07,114.07,114.07,114.07,0
OFT006,20140826,114.26,114.26,114.26,114.26,0
OFT006,20140827,114.34,114.34,114.34,114.34,0
OFT006,20140828,113.88,113.88,113.88,113.88,0
OFT006,20140829,113.86,113.86,113.86,113.86,0
OFT006,20140901,114.02,114.02,114.02,114.02,0
OFT006,20140902,114.18,114.18,114.18,114.18,0
OFT006,20140903,114.88,114.88,114.88,114.88,0
OFT006,20140904,115.15,115.15,115.15,115.15,0
OFT006,20140905,115.14,115.14,115.14,115.14,0
OFT006,20140908,115.39,115.39,115.39,115.39,0
OFT006,20140909,115.23,115.23,115.23,115.23,0
OFT006,20140910,115.20,115.20,115.20,115.20,0
OFT006,20140918,115.44,115.44,115.44,115.44,0
OFT006,20140919,115.95,115.95,115.95,115.95,0
OFT006,20140922,115.70,115.70,115.70,115.70,0
OFT006,20140923,115.29,115.29,115.29,115.29,0
OFT006,20140924,115.26,115.26,115.26,115.26,0
OFT006,20140925,115.25,115.25,115.25,115.25,0
OFT006,20140929,115.25,115.25,115.25,115.25,0
OFT006,20140930,115.44,115.44,115.44,115.44,0
OFT006,20141001,115.03,115.03,115.03,115.03,0
OFT006,20141002,114.74,114.74,114.74,114.74,0
OFT006,20141006,114.90,114.90,114.90,114.90,0
OFT006,20141007,114.81,114.81,114.81,114.81,0
OFT006,20141008,114.60,114.60,114.60,114.60,0
OFT006,20141009,114.77,114.77,114.77,114.77,0
OFT006,20141010,114.46,114.46,114.46,114.46,0
OFT006,20141013,114.45,114.45,114.45,114.45,0
OFT006,20141014,114.61,114.61,114.61,114.61,0
OFT006,20141015,114.45,114.45,114.45,114.45,0
OFT006,20141016,114.32,114.32,114.32,114.32,0
OFT006,20141017,114.54,114.54,114.54,114.54,0
OFT006,20141020,114.45,114.45,114.45,114.45,0
OFT006,20141021,114.84,114.84,114.84,114.84,0
OFT006,20141022,114.90,114.90,114.90,114.90,0
OFT006,20141023,114.92,114.92,114.92,114.92,0
OFT006,20141024,114.86,114.86,114.86,114.86,0
OFT006,20141027,114.96,114.96,114.96,114.96,0
OFT006,20141028,115.15,115.15,115.15,115.15,0
OFT006,20141029,115.05,115.05,115.05,115.05,0
OFT006,20141030,114.98,114.98,114.98,114.98,0
OFT006,20141031,115.26,115.26,115.26,115.26,0
OFT006,20141103,115.21,115.21,115.21,115.21,0
OFT006,20141104,115.22,115.22,115.22,115.22,0
OFT006,20141105,114.99,114.99,114.99,114.99,0
OFT006,20141106,114.84,114.84,114.84,114.84,0
OFT006,20141107,114.69,114.69,114.69,114.69,0
OFT006,20141110,114.66,114.66,114.66,114.66,0
OFT006,20141112,114.60,114.60,114.60,114.60,0
OFT006,20141113,114.56,114.56,114.56,114.56,0
OFT006,20141114,114.72,114.72,114.72,114.72,0
OFT006,20141117,114.63,114.63,114.63,114.63,0
OFT006,20141118,114.74,114.74,114.74,114.74,0
OFT006,20141119,114.62,114.62,114.62,114.62,0
OFT006,20141120,114.41,114.41,114.41,114.41,0
OFT006,20141121,114.74,114.74,114.74,114.74,0
OFT006,20141124,114.63,114.63,114.63,114.63,0
OFT006,20141125,114.66,114.66,114.66,114.66,0
OFT006,20141126,114.80,114.80,114.80,114.80,0
OFT006,20141127,114.86,114.86,114.86,114.86,0
OFT006,20141128,114.77,114.77,114.77,114.77,0
OFT006,20141201,114.72,114.72,114.72,114.72,0
OFT006,20141202,114.95,114.95,114.95,114.95,0
OFT006,20141203,115.00,115.00,115.00,115.00,0
OFT006,20141204,114.74,114.74,114.74,114.74,0
OFT006,20141205,114.83,114.83,114.83,114.83,0
OFT006,20141208,114.75,114.75,114.75,114.75,0
OFT006,20141209,114.51,114.51,114.51,114.51,0
OFT006,20141210,114.28,114.28,114.28,114.28,0
OFT006,20141211,114.32,114.32,114.32,114.32,0
OFT006,20141212,114.18,114.18,114.18,114.18,0
OFT006,20141215,113.89,113.89,113.89,113.89,0
OFT006,20141216,113.39,113.39,113.39,113.39,0
OFT006,20141217,113.38,113.38,113.38,113.38,0
OFT006,20141218,113.79,113.79,113.79,113.79,0
OFT006,20141219,113.56,113.56,113.56,113.56,0
OFT006,20141222,113.69,113.69,113.69,113.69,0
OFT006,20141223,113.67,113.67,113.67,113.67,0
OFT006,20141229,113.46,113.46,113.46,113.46,0
OFT006,20141230,113.55,113.55,113.55,113.55,0
OFT006,20150102,113.55,113.55,113.55,113.55,0
OFT006,20150105,113.21,113.21,113.21,113.21,0
OFT006,20150107,113.64,113.64,113.64,113.64,0
OFT006,20150108,114.18,114.18,114.18,114.18,0
OFT006,20150109,113.89,113.89,113.89,113.89,0
OFT006,20150112,113.88,113.88,113.88,113.88,0
OFT006,20150113,114.16,114.16,114.16,114.16,0
OFT006,20150114,113.94,113.94,113.94,113.94,0
OFT006,20150115,113.20,113.20,113.20,113.20,0
OFT006,20150116,113.05,113.05,113.05,113.05,0
OFT006,20150119,112.94,112.94,112.94,112.94,0
OFT006,20150120,112.88,112.88,112.88,112.88,0
OFT006,20150121,113.28,113.28,113.28,113.28,0
OFT006,20150122,113.55,113.55,113.55,113.55,0
OFT006,20150123,113.63,113.63,113.63,113.63,0
OFT006,20150126,113.56,113.56,113.56,113.56,0
OFT006,20150127,113.70,113.70,113.70,113.70,0
OFT006,20150128,113.64,113.64,113.64,113.64,0
OFT006,20150129,114.02,114.02,114.02,114.02,0
OFT006,20150130,114.01,114.01,114.01,114.01,0
OFT006,20150202,113.80,113.80,113.80,113.80,0
OFT006,20150203,113.78,113.78,113.78,113.78,0
OFT006,20150204,113.71,113.71,113.71,113.71,0
OFT006,20150205,113.63,113.63,113.63,113.63,0
OFT006,20150206,113.55,113.55,113.55,113.55,0
OFT006,20150209,113.19,113.19,113.19,113.19,0
OFT006,20150210,113.23,113.23,113.23,113.23,0
OFT006,20150211,113.08,113.08,113.08,113.08,0
OFT006,20150212,113.56,113.56,113.56,113.56,0
OFT006,20150213,113.74,113.74,113.74,113.74,0
OFT006,20150216,113.88,113.88,113.88,113.88,0
OFT006,20150217,113.80,113.80,113.80,113.80,0
OFT006,20150218,113.53,113.53,113.53,113.53,0
OFT006,20150219,113.61,113.61,113.61,113.61,0
OFT006,20150220,113.53,113.53,113.53,113.53,0
OFT006,20150223,113.86,113.86,113.86,113.86,0
OFT006,20150224,113.97,113.97,113.97,113.97,0
OFT006,20150225,113.88,113.88,113.88,113.88,0
OFT006,20150226,114.14,114.14,114.14,114.14,0
OFT006,20150227,114.15,114.15,114.15,114.15,0
OFT006,20150302,114.27,114.27,114.27,114.27,0
OFT006,20150303,113.92,113.92,113.92,113.92,0
OFT006,20150304,113.99,113.99,113.99,113.99,0
OFT006,20150305,114.17,114.17,114.17,114.17,0
OFT006,20150306,113.70,113.70,113.70,113.70,0
OFT006,20150309,113.76,113.76,113.76,113.76,0
OFT006,20150310,113.42,113.42,113.42,113.42,0
OFT006,20150311,113.63,113.63,113.63,113.63,0
OFT006,20150312,113.85,113.85,113.85,113.85,0
OFT006,20150313,113.51,113.51,113.51,113.51,0
OFT006,20150316,113.74,113.74,113.74,113.74,0
OFT006,20150317,113.83,113.83,113.83,113.83,0
OFT006,20150318,113.95,113.95,113.95,113.95,0
OFT006,20150319,114.38,114.38,114.38,114.38,0
OFT006,20150320,114.62,114.62,114.62,114.62,0
OFT006,20150323,114.65,114.65,114.65,114.65,0
OFT006,20150324,114.52,114.52,114.52,114.52,0
OFT006,20150325,114.29,114.29,114.29,114.29,0
OFT006,20150326,113.87,113.87,113.87,113.87,0
OFT006,20150327,113.97,113.97,113.97,113.97,0
OFT006,20150330,114.15,114.15,114.15,114.15,0
OFT006,20150331,114.13,114.13,114.13,114.13,0
OFT006,20150401,114.08,114.08,114.08,114.08,0
OFT006,20150402,114.25,114.25,114.25,114.25,0
OFT006,20150407,114.55,114.55,114.55,114.55,0
OFT006,20150408,114.62,114.62,114.62,114.62,0
OFT006,20150409,114.85,114.85,114.85,114.85,0
OFT006,20150410,115.04,115.04,115.04,115.04,0
OFT006,20150413,114.80,114.80,114.80,114.80,0
OFT006,20150414,114.74,114.74,114.74,114.74,0
OFT006,20150415,114.96,114.96,114.96,114.96,0
OFT006,20150416,115.07,115.07,115.07,115.07,0
OFT006,20150417,114.50,114.50,114.50,114.50,0
OFT006,20150420,114.83,114.83,114.83,114.83,0
OFT006,20150421,114.63,114.63,114.63,114.63,0
OFT006,20150422,114.37,114.37,114.37,114.37,0
OFT006,20150423,114.39,114.39,114.39,114.39,0
OFT006,20150424,114.38,114.38,114.38,114.38,0
OFT006,20150427,114.96,114.96,114.96,114.96,0
OFT006,20150428,114.78,114.78,114.78,114.78,0
OFT006,20150429,114.42,114.42,114.42,114.42,0
OFT006,20150430,114.25,114.25,114.25,114.25,0
OFT006,20150504,114.57,114.57,114.57,114.57,0
OFT006,20150505,114.20,114.20,114.20,114.20,0
OFT006,20150506,114.25,114.25,114.25,114.25,0
OFT006,20150507,114.27,114.27,114.27,114.27,0
OFT006,20150508,114.93,114.93,114.93,114.93,0
OFT006,20150511,114.75,114.75,114.75,114.75,0
OFT006,20150512,114.65,114.65,114.65,114.65,0
OFT006,20150513,114.85,114.85,114.85,114.85,0
OFT006,20150514,114.68,114.68,114.68,114.68,0
OFT006,20150515,114.54,114.54,114.54,114.54,0
OFT006,20150518,114.52,114.52,114.52,114.52,0
OFT006,20150519,114.62,114.62,114.62,114.62,0
OFT006,20150520,114.56,114.56,114.56,114.56,0
OFT006,20150521,114.59,114.59,114.59,114.59,0
OFT006,20150522,114.41,114.41,114.41,114.41,0
OFT006,20150525,114.10,114.10,114.10,114.10,0
OFT006,20150526,113.83,113.83,113.83,113.83,0
OFT006,20150527,114.03,114.03,114.03,114.03,0
OFT006,20150528,113.84,113.84,113.84,113.84,0
OFT006,20150529,113.79,113.79,113.79,113.79,0
OFT006,20150601,113.80,113.80,113.80,113.80,0
OFT006,20150602,113.55,113.55,113.55,113.55,0
OFT006,20150603,113.24,113.24,113.24,113.24,0
OFT006,20150605,112.87,112.87,112.87,112.87,0
OFT006,20150608,112.65,112.65,112.65,112.65,0
OFT006,20150609,112.42,112.42,112.42,112.42,0
OFT006,20150610,112.83,112.83,112.83,112.83,0
OFT006,20150611,112.81,112.81,112.81,112.81,0
OFT006,20150612,112.53,112.53,112.53,112.53,0
OFT006,20150615,112.27,112.27,112.27,112.27,0
OFT006,20150616,112.24,112.24,112.24,112.24,0
OFT006,20150617,111.79,111.79,111.79,111.79,0
OFT006,20150618,111.83,111.83,111.83,111.83,0
OFT006,20150619,111.64,111.64,111.64,111.64,0
OFT006,20150622,112.25,112.25,112.25,112.25,0
OFT006,20150623,112.26,112.26,112.26,112.26,0
OFT006,20150624,112.15,112.15,112.15,112.15,0
OFT006,20150625,112.23,112.23,112.23,112.23,0
OFT006,20150626,112.03,112.03,112.03,112.03,0
OFT006,20150629,111.39,111.39,111.39,111.39,0
OFT006,20150630,111.51,111.51,111.51,111.51,0
OFT006,20150701,111.53,111.53,111.53,111.53,0
OFT006,20150702,111.47,111.47,111.47,111.47,0
OFT006,20150703,111.38,111.38,111.38,111.38,0
OFT006,20150706,111.13,111.13,111.13,111.13,0
OFT006,20150707,110.77,110.77,110.77,110.77,0
OFT006,20150708,110.74,110.74,110.74,110.74,0
OFT006,20150709,111.04,111.04,111.04,111.04,0
OFT006,20150710,111.37,111.37,111.37,111.37,0
OFT006,20150713,111.44,111.44,111.44,111.44,0
OFT006,20150714,111.41,111.41,111.41,111.41,0
OFT006,20150715,111.48,111.48,111.48,111.48,0
OFT006,20150716,112.08,112.08,112.08,112.08,0
OFT006,20150717,112.22,112.22,112.22,112.22,0
OFT006,20150720,112.17,112.17,112.17,112.17,0
OFT006,20150721,112.12,112.12,112.12,112.12,0
OFT006,20150722,111.60,111.60,111.60,111.60,0
OFT006,20150723,111.54,111.54,111.54,111.54,0
OFT006,20150724,111.46,111.46,111.46,111.46,0
OFT006,20150727,111.50,111.50,111.50,111.50,0
OFT006,20150728,111.44,111.44,111.44,111.44,0
OFT006,20150729,111.55,111.55,111.55,111.55,0
OFT006,20150730,111.32,111.32,111.32,111.32,0
OFT006,20150731,111.75,111.75,111.75,111.75,0
OFT006,20150803,111.66,111.66,111.66,111.66,0
OFT006,20150804,111.77,111.77,111.77,111.77,0
OFT006,20150805,112.12,112.12,112.12,112.12,0
OFT006,20150806,111.68,111.68,111.68,111.68,0
OFT006,20150807,111.78,111.78,111.78,111.78,0
OFT006,20150810,111.99,111.99,111.99,111.99,0
OFT006,20150811,112.02,112.02,112.02,112.02,0
OFT006,20150812,112.01,112.01,112.01,112.01,0
OFT006,20150813,112.08,112.08,112.08,112.08,0
OFT006,20150814,112.16,112.16,112.16,112.16,0
OFT006,20150817,111.94,111.94,111.94,111.94,0
OFT006,20150818,111.80,111.80,111.80,111.80,0
OFT006,20150819,112.02,112.02,112.02,112.02,0
OFT006,20150820,112.00,112.00,112.00,112.00,0
OFT006,20150821,111.49,111.49,111.49,111.49,0
OFT006,20150824,110.13,110.13,110.13,110.13,0
OFT006,20150825,110.11,110.11,110.11,110.11,0
OFT006,20150826,110.15,110.15,110.15,110.15,0
OFT006,20150827,110.50,110.50,110.50,110.50,0
OFT006,20150828,110.72,110.72,110.72,110.72,0
OFT006,20150831,110.78,110.78,110.78,110.78,0
OFT006,20150901,110.22,110.22,110.22,110.22,0
OFT006,20150902,110.20,110.20,110.20,110.20,0
OFT006,20150903,110.66,110.66,110.66,110.66,0
OFT006,20150904,110.70,110.70,110.70,110.70,0
OFT006,20150907,110.53,110.53,110.53,110.53,0
OFT006,20150908,110.52,110.52,110.52,110.52,0
OFT006,20150909,110.55,110.55,110.55,110.55,0
OFT006,20150910,110.79,110.79,110.79,110.79,0
OFT006,20150911,110.61,110.61,110.61,110.61,0
OFT006,20150914,110.58,110.58,110.58,110.58,0
OFT006,20150915,110.57,110.57,110.57,110.57,0
OFT006,20150916,110.62,110.62,110.62,110.62,0
OFT006,20150917,110.86,110.86,110.86,110.86,0
OFT006,20150918,110.78,110.78,110.78,110.78,0
OFT006,20150921,110.79,110.79,110.79,110.79,0
OFT006,20150922,110.44,110.44,110.44,110.44,0
OFT006,20150923,110.11,110.11,110.11,110.11,0
OFT006,20150924,109.82,109.82,109.82,109.82,0
OFT006,20150925,109.83,109.83,109.83,109.83,0
OFT006,20150928,109.46,109.46,109.46,109.46,0
OFT006,20150929,109.31,109.31,109.31,109.31,0
OFT006,20150930,109.63,109.63,109.63,109.63,0
OFT006,20151001,109.71,109.71,109.71,109.71,0
OFT006,20151002,109.80,109.80,109.80,109.80,0
OFT006,20151005,110.43,110.43,110.43,110.43,0
OFT006,20151006,110.68,110.68,110.68,110.68,0
OFT006,20151007,110.76,110.76,110.76,110.76,0
OFT006,20151008,110.95,110.95,110.95,110.95,0
OFT006,20151009,111.28,111.28,111.28,111.28,0
OFT006,20151012,110.96,110.96,110.96,110.96,0
OFT006,20151013,110.69,110.69,110.69,110.69,0
OFT006,20151014,110.93,110.93,110.93,110.93,0
OFT006,20151015,111.11,111.11,111.11,111.11,0
OFT006,20151016,110.94,110.94,110.94,110.94,0
OFT006,20151019,110.60,110.60,110.60,110.60,0
OFT006,20151020,110.80,110.80,110.80,110.80,0
OFT006,20151021,110.70,110.70,110.70,110.70,0
OFT006,20151022,110.87,110.87,110.87,110.87,0
OFT006,20151023,111.00,111.00,111.00,111.00,0
OFT006,20151026,110.96,110.96,110.96,110.96,0
OFT006,20151027,111.16,111.16,111.16,111.16,0
OFT006,20151028,111.22,111.22,111.22,111.22,0
OFT006,20151029,110.56,110.56,110.56,110.56,0
OFT006,20151030,110.74,110.74,110.74,110.74,0
OFT006,20151102,110.86,110.86,110.86,110.86,0
OFT006,20151103,110.72,110.72,110.72,110.72,0
OFT006,20151104,110.74,110.74,110.74,110.74,0
OFT006,20151105,110.45,110.45,110.45,110.45,0
OFT006,20151106,110.00,110.00,110.00,110.00,0
OFT006,20151109,110.01,110.01,110.01,110.01,0
OFT006,20151110,110.12,110.12,110.12,110.12,0
OFT006,20151112,110.21,110.21,110.21,110.21,0
OFT006,20151113,109.95,109.95,109.95,109.95,0
OFT006,20151116,109.78,109.78,109.78,109.78,0
OFT006,20151117,110.02,110.02,110.02,110.02,0
OFT006,20151118,109.96,109.96,109.96,109.96,0
OFT006,20151119,109.83,109.83,109.83,109.83,0
OFT006,20151120,110.00,110.00,110.00,110.00,0
OFT006,20151123,109.48,109.48,109.48,109.48,0
OFT006,20151124,108.99,108.99,108.99,108.99,0
OFT006,20151125,109.12,109.12,109.12,109.12,0
OFT006,20151126,109.36,109.36,109.36,109.36,0
OFT006,20151127,109.16,109.16,109.16,109.16,0
OFT006,20151130,108.98,108.98,108.98,108.98,0
OFT006,20151201,109.03,109.03,109.03,109.03,0
OFT006,20151202,108.69,108.69,108.69,108.69,0
OFT006,20151203,108.13,108.13,108.13,108.13,0
OFT006,20151204,107.84,107.84,107.84,107.84,0
OFT006,20151207,107.94,107.94,107.94,107.94,0
OFT006,20151208,107.40,107.40,107.40,107.40,0
OFT006,20151209,106.81,106.81,106.81,106.81,0
OFT006,20151210,106.94,106.94,106.94,106.94,0
OFT006,20151211,106.25,106.25,106.25,106.25,0
OFT006,20151214,105.88,105.88,105.88,105.88,0
OFT006,20151215,106.24,106.24,106.24,106.24,0
OFT006,20151216,106.54,106.54,106.54,106.54,0
OFT006,20151217,107.09,107.09,107.09,107.09,0
OFT006,20151218,107.15,107.15,107.15,107.15,0
OFT006,20151221,107.32,107.32,107.32,107.32,0
OFT006,20151222,107.33,107.33,107.33,107.33,0
OFT006,20151223,107.34,107.34,107.34,107.34,0
OFT006,20151228,107.30,107.30,107.30,107.30,0
OFT006,20151229,107.64,107.64,107.64,107.64,0
OFT006,20151230,107.43,107.43,107.43,107.43,0
OFT006,20160104,106.70,106.70,106.70,106.70,0
OFT006,20160105,106.72,106.72,106.72,106.72,0
OFT006,20160107,106.28,106.28,106.28,106.28,0
OFT006,20160108,106.15,106.15,106.15,106.15,0
OFT006,20160111,105.87,105.87,105.87,105.87,0
OFT006,20160112,106.40,106.40,106.40,106.40,0
OFT006,20160113,106.62,106.62,106.62,106.62,0
OFT006,20160114,106.56,106.56,106.56,106.56,0
OFT006,20160115,106.06,106.06,106.06,106.06,0
OFT006,20160118,105.26,105.26,105.26,105.26,0
OFT006,20160119,105.45,105.45,105.45,105.45,0
OFT006,20160120,105.07,105.07,105.07,105.07,0
OFT006,20160121,105.11,105.11,105.11,105.11,0
OFT006,20160122,105.65,105.65,105.65,105.65,0
OFT006,20160125,105.71,105.71,105.71,105.71,0
OFT006,20160126,105.54,105.54,105.54,105.54,0
OFT006,20160127,105.73,105.73,105.73,105.73,0
OFT006,20160128,106.07,106.07,106.07,106.07,0
OFT006,20160129,106.37,106.37,106.37,106.37,0
OFT006,20160201,106.37,106.37,106.37,106.37,0
OFT006,20160202,105.95,105.95,105.95,105.95,0
OFT006,20160203,105.98,105.98,105.98,105.98,0
OFT006,20160204,106.56,106.56,106.56,106.56,0
OFT006,20160205,106.61,106.61,106.61,106.61,0
OFT006,20160208,106.30,106.30,106.30,106.30,0
OFT006,20160209,106.19,106.19,106.19,106.19,0
OFT006,20160210,106.09,106.09,106.09,106.09,0
