Name,Date,Open,High,Low,Close,Volume
PKO029,20100409,99.99,99.99,99.99,99.99,0
PKO029,20100412,99.98,99.98,99.98,99.98,0
PKO029,20100413,99.98,99.98,99.98,99.98,0
PKO029,20100414,99.97,99.97,99.97,99.97,0
PKO029,20100415,101.57,101.57,101.57,101.57,0
PKO029,20100416,101.61,101.61,101.61,101.61,0
PKO029,20100419,101.15,101.15,101.15,101.15,0
PKO029,20100420,101.32,101.32,101.32,101.32,0
PKO029,20100421,101.33,101.33,101.33,101.33,0
PKO029,20100422,101.42,101.42,101.42,101.42,0
PKO029,20100423,101.66,101.66,101.66,101.66,0
PKO029,20100426,101.86,101.86,101.86,101.86,0
PKO029,20100427,101.92,101.92,101.92,101.92,0
PKO029,20100428,101.38,101.38,101.38,101.38,0
PKO029,20100429,101.68,101.68,101.68,101.68,0
PKO029,20100430,101.67,101.67,101.67,101.67,0
PKO029,20100504,101.39,101.39,101.39,101.39,0
PKO029,20100505,100.95,100.95,100.95,100.95,0
PKO029,20100506,100.79,100.79,100.79,100.79,0
PKO029,20100507,100.41,100.41,100.41,100.41,0
PKO029,20100510,100.73,100.73,100.73,100.73,0
PKO029,20100511,100.94,100.94,100.94,100.94,0
PKO029,20100512,101.43,101.43,101.43,101.43,0
PKO029,20100513,101.40,101.40,101.40,101.40,0
PKO029,20100514,101.29,101.29,101.29,101.29,0
PKO029,20100517,101.16,101.16,101.16,101.16,0
PKO029,20100518,101.02,101.02,101.02,101.02,0
PKO029,20100519,100.99,100.99,100.99,100.99,0
PKO029,20100520,100.60,100.60,100.60,100.60,0
PKO029,20100521,100.71,100.71,100.71,100.71,0
PKO029,20100524,100.74,100.74,100.74,100.74,0
PKO029,20100525,100.27,100.27,100.27,100.27,0
PKO029,20100526,100.53,100.53,100.53,100.53,0
PKO029,20100527,101.24,101.24,101.24,101.24,0
PKO029,20100528,101.28,101.28,101.28,101.28,0
PKO029,20100531,101.34,101.34,101.34,101.34,0
PKO029,20100601,101.40,101.40,101.40,101.40,0
PKO029,20100602,101.32,101.32,101.32,101.32,0
PKO029,20100604,101.23,101.23,101.23,101.23,0
PKO029,20100607,101.18,101.18,101.18,101.18,0
PKO029,20100608,101.10,101.10,101.10,101.10,0
PKO029,20100609,101.16,101.16,101.16,101.16,0
PKO029,20100610,101.21,101.21,101.21,101.21,0
PKO029,20100611,101.08,101.08,101.08,101.08,0
PKO029,20100614,101.15,101.15,101.15,101.15,0
PKO029,20100615,101.16,101.16,101.16,101.16,0
PKO029,20100616,101.05,101.05,101.05,101.05,0
PKO029,20100617,101.15,101.15,101.15,101.15,0
PKO029,20100618,101.33,101.33,101.33,101.33,0
PKO029,20100621,101.36,101.36,101.36,101.36,0
PKO029,20100622,101.37,101.37,101.37,101.37,0
PKO029,20100623,101.22,101.22,101.22,101.22,0
PKO029,20100624,101.12,101.12,101.12,101.12,0
PKO029,20100625,101.11,101.11,101.11,101.11,0
PKO029,20100628,101.07,101.07,101.07,101.07,0
PKO029,20100629,100.96,100.96,100.96,100.96,0
PKO029,20100630,100.88,100.88,100.88,100.88,0
PKO029,20100701,100.73,100.73,100.73,100.73,0
PKO029,20100702,100.71,100.71,100.71,100.71,0
PKO029,20100705,100.67,100.67,100.67,100.67,0
PKO029,20100706,100.79,100.79,100.79,100.79,0
PKO029,20100707,100.88,100.88,100.88,100.88,0
PKO029,20100708,100.89,100.89,100.89,100.89,0
PKO029,20100709,100.80,100.80,100.80,100.80,0
PKO029,20100712,100.95,100.95,100.95,100.95,0
PKO029,20100713,101.06,101.06,101.06,101.06,0
PKO029,20100714,100.99,100.99,100.99,100.99,0
PKO029,20100715,102.51,102.51,102.51,102.51,0
PKO029,20100716,102.22,102.22,102.22,102.22,0
PKO029,20100720,102.23,102.23,102.23,102.23,0
PKO029,20100721,102.35,102.35,102.35,102.35,0
PKO029,20100722,103.39,103.39,103.39,103.39,0
PKO029,20100723,103.44,103.44,103.44,103.44,0
PKO029,20100726,103.94,103.94,103.94,103.94,0
PKO029,20100727,104.14,104.14,104.14,104.14,0
PKO029,20100728,104.11,104.11,104.11,104.11,0
PKO029,20100729,104.24,104.24,104.24,104.24,0
PKO029,20100730,103.90,103.90,103.90,103.90,0
PKO029,20100802,104.64,104.64,104.64,104.64,0
PKO029,20100803,104.48,104.48,104.48,104.48,0
PKO029,20100804,104.71,104.71,104.71,104.71,0
PKO029,20100805,104.68,104.68,104.68,104.68,0
PKO029,20100806,104.18,104.18,104.18,104.18,0
PKO029,20100809,104.42,104.42,104.42,104.42,0
PKO029,20100810,103.99,103.99,103.99,103.99,0
PKO029,20100811,103.38,103.38,103.38,103.38,0
PKO029,20100812,103.42,103.42,103.42,103.42,0
PKO029,20100813,103.45,103.45,103.45,103.45,0
PKO029,20100816,103.76,103.76,103.76,103.76,0
PKO029,20100817,104.44,104.44,104.44,104.44,0
PKO029,20100818,104.44,104.44,104.44,104.44,0
PKO029,20100819,104.11,104.11,104.11,104.11,0
PKO029,20100820,103.89,103.89,103.89,103.89,0
PKO029,20100823,103.70,103.70,103.70,103.70,0
PKO029,20100824,103.03,103.03,103.03,103.03,0
PKO029,20100825,102.85,102.85,102.85,102.85,0
PKO029,20100826,103.01,103.01,103.01,103.01,0
PKO029,20100827,103.07,103.07,103.07,103.07,0
PKO029,20100830,102.68,102.68,102.68,102.68,0
PKO029,20100831,102.74,102.74,102.74,102.74,0
PKO029,20100901,103.16,103.16,103.16,103.16,0
PKO029,20100902,103.47,103.47,103.47,103.47,0
PKO029,20100903,103.76,103.76,103.76,103.76,0
PKO029,20100906,104.00,104.00,104.00,104.00,0
PKO029,20100907,103.96,103.96,103.96,103.96,0
PKO029,20100908,104.11,104.11,104.11,104.11,0
PKO029,20100909,103.88,103.88,103.88,103.88,0
PKO029,20100910,103.70,103.70,103.70,103.70,0
PKO029,20100913,104.55,104.55,104.55,104.55,0
PKO029,20100914,104.64,104.64,104.64,104.64,0
PKO029,20100915,105.57,105.57,105.57,105.57,0
PKO029,20100916,105.76,105.76,105.76,105.76,0
PKO029,20100917,105.69,105.69,105.69,105.69,0
PKO029,20100920,106.34,106.34,106.34,106.34,0
PKO029,20100921,106.73,106.73,106.73,106.73,0
PKO029,20100922,106.44,106.44,106.44,106.44,0
PKO029,20100923,106.06,106.06,106.06,106.06,0
PKO029,20100924,106.32,106.32,106.32,106.32,0
PKO029,20100927,106.26,106.26,106.26,106.26,0
PKO029,20100928,106.26,106.26,106.26,106.26,0
PKO029,20100929,105.89,105.89,105.89,105.89,0
PKO029,20100930,106.13,106.13,106.13,106.13,0
PKO029,20101001,106.16,106.16,106.16,106.16,0
PKO029,20101004,105.94,105.94,105.94,105.94,0
PKO029,20101005,106.52,106.52,106.52,106.52,0
PKO029,20101006,106.77,106.77,106.77,106.77,0
PKO029,20101007,106.80,106.80,106.80,106.80,0
PKO029,20101008,107.04,107.04,107.04,107.04,0
PKO029,20101011,107.66,107.66,107.66,107.66,0
PKO029,20101012,108.26,108.26,108.26,108.26,0
PKO029,20101013,109.19,109.19,109.19,109.19,0
PKO029,20101014,107.94,107.94,107.94,107.94,0
PKO029,20101015,108.26,108.26,108.26,108.26,0
PKO029,20101018,108.87,108.87,108.87,108.87,0
PKO029,20101019,108.45,108.45,108.45,108.45,0
PKO029,20101020,108.72,108.72,108.72,108.72,0
PKO029,20101021,108.56,108.56,108.56,108.56,0
PKO029,20101022,108.84,108.84,108.84,108.84,0
PKO029,20101025,108.87,108.87,108.87,108.87,0
PKO029,20101026,108.72,108.72,108.72,108.72,0
PKO029,20101027,108.61,108.61,108.61,108.61,0
PKO029,20101028,108.98,108.98,108.98,108.98,0
PKO029,20101029,109.82,109.82,109.82,109.82,0
PKO029,20101102,109.10,109.10,109.10,109.10,0
PKO029,20101103,108.42,108.42,108.42,108.42,0
PKO029,20101104,109.80,109.80,109.80,109.80,0
PKO029,20101105,110.13,110.13,110.13,110.13,0
PKO029,20101108,110.96,110.96,110.96,110.96,0
PKO029,20101109,111.50,111.50,111.50,111.50,0
PKO029,20101110,110.43,110.43,110.43,110.43,0
PKO029,20101112,110.13,110.13,110.13,110.13,0
PKO029,20101115,110.36,110.36,110.36,110.36,0
PKO029,20101116,109.41,109.41,109.41,109.41,0
PKO029,20101117,109.85,109.85,109.85,109.85,0
PKO029,20101118,109.84,109.84,109.84,109.84,0
PKO029,20101119,109.99,109.99,109.99,109.99,0
PKO029,20101122,109.44,109.44,109.44,109.44,0
PKO029,20101123,108.80,108.80,108.80,108.80,0
PKO029,20101124,109.55,109.55,109.55,109.55,0
PKO029,20101125,109.64,109.64,109.64,109.64,0
PKO029,20101126,110.77,110.77,110.77,110.77,0
PKO029,20101129,109.66,109.66,109.66,109.66,0
PKO029,20101130,110.85,110.85,110.85,110.85,0
PKO029,20101201,111.42,111.42,111.42,111.42,0
PKO029,20101202,112.05,112.05,112.05,112.05,0
PKO029,20101203,112.96,112.96,112.96,112.96,0
PKO029,20101206,113.09,113.09,113.09,113.09,0
PKO029,20101207,113.57,113.57,113.57,113.57,0
PKO029,20101208,113.96,113.96,113.96,113.96,0
PKO029,20101209,113.58,113.58,113.58,113.58,0
PKO029,20101210,113.11,113.11,113.11,113.11,0
PKO029,20101213,113.65,113.65,113.65,113.65,0
PKO029,20101214,113.10,113.10,113.10,113.10,0
PKO029,20101215,112.90,112.90,112.90,112.90,0
PKO029,20101216,113.02,113.02,113.02,113.02,0
PKO029,20101217,112.53,112.53,112.53,112.53,0
PKO029,20101220,112.63,112.63,112.63,112.63,0
PKO029,20101221,112.93,112.93,112.93,112.93,0
PKO029,20101222,112.75,112.75,112.75,112.75,0
PKO029,20101223,112.61,112.61,112.61,112.61,0
PKO029,20101227,112.50,112.50,112.50,112.50,0
PKO029,20101228,112.60,112.60,112.60,112.60,0
PKO029,20101229,113.06,113.06,113.06,113.06,0
PKO029,20101230,112.76,112.76,112.76,112.76,0
PKO029,20101231,112.44,112.44,112.44,112.44,0
PKO029,20110103,113.21,113.21,113.21,113.21,0
PKO029,20110104,113.14,113.14,113.14,113.14,0
PKO029,20110105,112.58,112.58,112.58,112.58,0
PKO029,20110107,112.38,112.38,112.38,112.38,0
PKO029,20110110,112.03,112.03,112.03,112.03,0
PKO029,20110111,112.81,112.81,112.81,112.81,0
PKO029,20110112,113.71,113.71,113.71,113.71,0
PKO029,20110113,113.78,113.78,113.78,113.78,0
PKO029,20110114,114.13,114.13,114.13,114.13,0
PKO029,20110117,114.10,114.10,114.10,114.10,0
PKO029,20110118,114.35,114.35,114.35,114.35,0
PKO029,20110119,114.37,114.37,114.37,114.37,0
PKO029,20110120,113.54,113.54,113.54,113.54,0
PKO029,20110121,113.51,113.51,113.51,113.51,0
PKO029,20110124,113.00,113.00,113.00,113.00,0
PKO029,20110125,113.23,113.23,113.23,113.23,0
PKO029,20110126,113.54,113.54,113.54,113.54,0
PKO029,20110127,113.40,113.40,113.40,113.40,0
PKO029,20110128,112.91,112.91,112.91,112.91,0
PKO029,20110131,112.57,112.57,112.57,112.57,0
PKO029,20110201,112.83,112.83,112.83,112.83,0
PKO029,20110202,113.28,113.28,113.28,113.28,0
PKO029,20110203,112.67,112.67,112.67,112.67,0
PKO029,20110204,112.88,112.88,112.88,112.88,0
PKO029,20110207,113.25,113.25,113.25,113.25,0
PKO029,20110208,113.83,113.83,113.83,113.83,0
PKO029,20110209,114.00,114.00,114.00,114.00,0
PKO029,20110210,113.33,113.33,113.33,113.33,0
PKO029,20110211,114.12,114.12,114.12,114.12,0
PKO029,20110214,114.50,114.50,114.50,114.50,0
PKO029,20110215,114.41,114.41,114.41,114.41,0
PKO029,20110216,114.77,114.77,114.77,114.77,0
PKO029,20110217,114.88,114.88,114.88,114.88,0
PKO029,20110218,114.95,114.95,114.95,114.95,0
PKO029,20110221,113.90,113.90,113.90,113.90,0
PKO029,20110222,112.97,112.97,112.97,112.97,0
PKO029,20110223,112.79,112.79,112.79,112.79,0
PKO029,20110224,112.41,112.41,112.41,112.41,0
PKO029,20110225,112.80,112.80,112.80,112.80,0
PKO029,20110228,113.37,113.37,113.37,113.37,0
PKO029,20110301,112.11,112.11,112.11,112.11,0
PKO029,20110302,112.26,112.26,112.26,112.26,0
PKO029,20110303,112.26,112.26,112.26,112.26,0
PKO029,20110304,112.83,112.83,112.83,112.83,0
PKO029,20110307,112.47,112.47,112.47,112.47,0
PKO029,20110308,112.96,112.96,112.96,112.96,0
PKO029,20110309,112.96,112.96,112.96,112.96,0
PKO029,20110310,112.82,112.82,112.82,112.82,0
PKO029,20110311,112.83,112.83,112.83,112.83,0
PKO029,20110314,112.89,112.89,112.89,112.89,0
PKO029,20110315,112.73,112.73,112.73,112.73,0
PKO029,20110316,111.78,111.78,111.78,111.78,0
PKO029,20110317,112.30,112.30,112.30,112.30,0
PKO029,20110318,112.42,112.42,112.42,112.42,0
PKO029,20110321,112.91,112.91,112.91,112.91,0
PKO029,20110322,112.43,112.43,112.43,112.43,0
PKO029,20110323,112.48,112.48,112.48,112.48,0
PKO029,20110324,112.85,112.85,112.85,112.85,0
PKO029,20110325,113.05,113.05,113.05,113.05,0
PKO029,20110328,113.13,113.13,113.13,113.13,0
PKO029,20110329,113.02,113.02,113.02,113.02,0
PKO029,20110330,113.28,113.28,113.28,113.28,0
PKO029,20110331,113.59,113.59,113.59,113.59,0
PKO029,20110401,114.12,114.12,114.12,114.12,0
PKO029,20110404,114.01,114.01,114.01,114.01,0
PKO029,20110405,114.20,114.20,114.20,114.20,0
PKO029,20110406,114.12,114.12,114.12,114.12,0
PKO029,20110407,113.74,113.74,113.74,113.74,0
PKO029,20110408,113.28,113.28,113.28,113.28,0
PKO029,20110411,113.24,113.24,113.24,113.24,0
PKO029,20110412,112.90,112.90,112.90,112.90,0
PKO029,20110413,113.22,113.22,113.22,113.22,0
PKO029,20110414,113.00,113.00,113.00,113.00,0
PKO029,20110415,113.30,113.30,113.30,113.30,0
PKO029,20110418,112.48,112.48,112.48,112.48,0
PKO029,20110419,112.92,112.92,112.92,112.92,0
PKO029,20110420,113.22,113.22,113.22,113.22,0
PKO029,20110421,113.27,113.27,113.27,113.27,0
PKO029,20110426,113.19,113.19,113.19,113.19,0
PKO029,20110427,113.17,113.17,113.17,113.17,0
PKO029,20110428,113.05,113.05,113.05,113.05,0
PKO029,20110429,114.33,114.33,114.33,114.33,0
PKO029,20110502,114.68,114.68,114.68,114.68,0
PKO029,20110504,113.70,113.70,113.70,113.70,0
PKO029,20110505,113.13,113.13,113.13,113.13,0
PKO029,20110506,113.67,113.67,113.67,113.67,0
PKO029,20110509,113.30,113.30,113.30,113.30,0
PKO029,20110510,112.92,112.92,112.92,112.92,0
PKO029,20110511,112.38,112.38,112.38,112.38,0
PKO029,20110512,112.10,112.10,112.10,112.10,0
PKO029,20110513,111.10,111.10,111.10,111.10,0
PKO029,20110516,111.17,111.17,111.17,111.17,0
PKO029,20110517,110.25,110.25,110.25,110.25,0
PKO029,20110518,109.90,109.90,109.90,109.90,0
PKO029,20110519,110.58,110.58,110.58,110.58,0
PKO029,20110520,110.84,110.84,110.84,110.84,0
PKO029,20110523,110.26,110.26,110.26,110.26,0
PKO029,20110524,110.75,110.75,110.75,110.75,0
PKO029,20110525,110.63,110.63,110.63,110.63,0
PKO029,20110526,110.67,110.67,110.67,110.67,0
PKO029,20110527,110.55,110.55,110.55,110.55,0
PKO029,20110530,110.47,110.47,110.47,110.47,0
PKO029,20110531,111.04,111.04,111.04,111.04,0
PKO029,20110601,110.69,110.69,110.69,110.69,0
PKO029,20110602,110.39,110.39,110.39,110.39,0
PKO029,20110603,110.48,110.48,110.48,110.48,0
PKO029,20110606,110.17,110.17,110.17,110.17,0
PKO029,20110607,110.47,110.47,110.47,110.47,0
PKO029,20110608,110.07,110.07,110.07,110.07,0
PKO029,20110609,110.88,110.88,110.88,110.88,0
PKO029,20110610,110.60,110.60,110.60,110.60,0
PKO029,20110613,111.33,111.33,111.33,111.33,0
PKO029,20110614,111.29,111.29,111.29,111.29,0
PKO029,20110615,110.65,110.65,110.65,110.65,0
PKO029,20110616,110.23,110.23,110.23,110.23,0
PKO029,20110617,110.84,110.84,110.84,110.84,0
PKO029,20110620,109.51,109.51,109.51,109.51,0
PKO029,20110621,109.61,109.61,109.61,109.61,0
PKO029,20110622,109.46,109.46,109.46,109.46,0
PKO029,20110624,109.64,109.64,109.64,109.64,0
PKO029,20110627,108.88,108.88,108.88,108.88,0
PKO029,20110628,108.96,108.96,108.96,108.96,0
PKO029,20110629,109.13,109.13,109.13,109.13,0
PKO029,20110630,109.61,109.61,109.61,109.61,0
PKO029,20110701,109.43,109.43,109.43,109.43,0
PKO029,20110704,109.69,109.69,109.69,109.69,0
PKO029,20110705,109.70,109.70,109.70,109.70,0
PKO029,20110706,109.20,109.20,109.20,109.20,0
PKO029,20110707,110.22,110.22,110.22,110.22,0
PKO029,20110708,110.04,110.04,110.04,110.04,0
PKO029,20110711,109.27,109.27,109.27,109.27,0
PKO029,20110712,108.96,108.96,108.96,108.96,0
PKO029,20110713,108.64,108.64,108.64,108.64,0
PKO029,20110714,107.74,107.74,107.74,107.74,0
PKO029,20110715,107.31,107.31,107.31,107.31,0
PKO029,20110718,106.18,106.18,106.18,106.18,0
PKO029,20110719,105.27,105.27,105.27,105.27,0
PKO029,20110720,105.38,105.38,105.38,105.38,0
PKO029,20110721,105.63,105.63,105.63,105.63,0
PKO029,20110722,105.01,105.01,105.01,105.01,0
PKO029,20110725,105.20,105.20,105.20,105.20,0
PKO029,20110726,105.04,105.04,105.04,105.04,0
PKO029,20110727,105.17,105.17,105.17,105.17,0
PKO029,20110728,105.67,105.67,105.67,105.67,0
PKO029,20110729,105.69,105.69,105.69,105.69,0
PKO029,20110801,104.47,104.47,104.47,104.47,0
PKO029,20110802,103.40,103.40,103.40,103.40,0
PKO029,20110803,100.95,100.95,100.95,100.95,0
PKO029,20110804,98.86,98.86,98.86,98.86,0
PKO029,20110805,95.93,95.93,95.93,95.93,0
PKO029,20110808,91.08,91.08,91.08,91.08,0
PKO029,20110809,88.79,88.79,88.79,88.79,0
PKO029,20110810,87.52,87.52,87.52,87.52,0
PKO029,20110811,89.39,89.39,89.39,89.39,0
PKO029,20110812,91.24,91.24,91.24,91.24,0
PKO029,20110816,92.21,92.21,92.21,92.21,0
PKO029,20110817,92.77,92.77,92.77,92.77,0
PKO029,20110818,90.10,90.10,90.10,90.10,0
PKO029,20110819,89.81,89.81,89.81,89.81,0
PKO029,20110822,89.88,89.88,89.88,89.88,0
PKO029,20110823,89.13,89.13,89.13,89.13,0
PKO029,20110824,89.06,89.06,89.06,89.06,0
PKO029,20110825,88.46,88.46,88.46,88.46,0
PKO029,20110826,89.01,89.01,89.01,89.01,0
PKO029,20110829,89.34,89.34,89.34,89.34,0
PKO029,20110830,89.55,89.55,89.55,89.55,0
PKO029,20110831,91.39,91.39,91.39,91.39,0
PKO029,20110901,91.34,91.34,91.34,91.34,0
PKO029,20110902,89.64,89.64,89.64,89.64,0
PKO029,20110905,88.53,88.53,88.53,88.53,0
PKO029,20110906,88.14,88.14,88.14,88.14,0
PKO029,20110907,89.00,89.00,89.00,89.00,0
PKO029,20110908,88.69,88.69,88.69,88.69,0
PKO029,20110909,88.43,88.43,88.43,88.43,0
PKO029,20110912,86.71,86.71,86.71,86.71,0
PKO029,20110913,86.68,86.68,86.68,86.68,0
PKO029,20110914,86.70,86.70,86.70,86.70,0
PKO029,20110915,87.84,87.84,87.84,87.84,0
PKO029,20110916,87.89,87.89,87.89,87.89,0
PKO029,20110919,87.38,87.38,87.38,87.38,0
PKO029,20110920,88.27,88.27,88.27,88.27,0
PKO029,20110921,88.31,88.31,88.31,88.31,0
PKO029,20110922,86.14,86.14,86.14,86.14,0
PKO029,20110923,86.65,86.65,86.65,86.65,0
PKO029,20110926,85.92,85.92,85.92,85.92,0
PKO029,20110927,86.45,86.45,86.45,86.45,0
PKO029,20110928,86.20,86.20,86.20,86.20,0
PKO029,20110929,86.38,86.38,86.38,86.38,0
PKO029,20110930,86.23,86.23,86.23,86.23,0
PKO029,20111003,85.71,85.71,85.71,85.71,0
PKO029,20111004,84.14,84.14,84.14,84.14,0
PKO029,20111005,84.29,84.29,84.29,84.29,0
PKO029,20111006,85.25,85.25,85.25,85.25,0
PKO029,20111007,85.10,85.10,85.10,85.10,0
PKO029,20111010,86.26,86.26,86.26,86.26,0
PKO029,20111011,87.85,87.85,87.85,87.85,0
PKO029,20111012,89.22,89.22,89.22,89.22,0
PKO029,20111013,88.97,88.97,88.97,88.97,0
PKO029,20111014,90.48,90.48,90.48,90.48,0
PKO029,20111017,89.91,89.91,89.91,89.91,0
PKO029,20111018,89.71,89.71,89.71,89.71,0
PKO029,20111019,89.96,89.96,89.96,89.96,0
PKO029,20111020,88.31,88.31,88.31,88.31,0
PKO029,20111021,90.14,90.14,90.14,90.14,0
PKO029,20111024,90.67,90.67,90.67,90.67,0
PKO029,20111025,90.15,90.15,90.15,90.15,0
PKO029,20111026,90.73,90.73,90.73,90.73,0
PKO029,20111027,91.82,91.82,91.82,91.82,0
PKO029,20111028,92.09,92.09,92.09,92.09,0
PKO029,20111031,91.83,91.83,91.83,91.83,0
PKO029,20111102,91.00,91.00,91.00,91.00,0
PKO029,20111103,91.09,91.09,91.09,91.09,0
PKO029,20111104,90.46,90.46,90.46,90.46,0
PKO029,20111107,90.55,90.55,90.55,90.55,0
PKO029,20111108,90.75,90.75,90.75,90.75,0
PKO029,20111109,89.94,89.94,89.94,89.94,0
PKO029,20111110,89.56,89.56,89.56,89.56,0
PKO029,20111114,89.24,89.24,89.24,89.24,0
PKO029,20111115,88.81,88.81,88.81,88.81,0
PKO029,20111116,87.77,87.77,87.77,87.77,0
PKO029,20111117,87.81,87.81,87.81,87.81,0
PKO029,20111118,87.14,87.14,87.14,87.14,0
PKO029,20111121,85.53,85.53,85.53,85.53,0
PKO029,20111122,84.92,84.92,84.92,84.92,0
PKO029,20111123,84.06,84.06,84.06,84.06,0
PKO029,20111124,83.42,83.42,83.42,83.42,0
PKO029,20111125,82.78,82.78,82.78,82.78,0
PKO029,20111128,83.28,83.28,83.28,83.28,0
PKO029,20111129,83.54,83.54,83.54,83.54,0
PKO029,20111130,85.68,85.68,85.68,85.68,0
PKO029,20111201,85.05,85.05,85.05,85.05,0
PKO029,20111202,85.42,85.42,85.42,85.42,0
PKO029,20111205,85.28,85.28,85.28,85.28,0
PKO029,20111206,84.62,84.62,84.62,84.62,0
PKO029,20111207,84.46,84.46,84.46,84.46,0
PKO029,20111208,82.94,82.94,82.94,82.94,0
PKO029,20111209,82.84,82.84,82.84,82.84,0
PKO029,20111212,82.11,82.11,82.11,82.11,0
PKO029,20111213,82.03,82.03,82.03,82.03,0
PKO029,20111214,81.80,81.80,81.80,81.80,0
PKO029,20111215,82.05,82.05,82.05,82.05,0
PKO029,20111216,81.11,81.11,81.11,81.11,0
PKO029,20111219,80.05,80.05,80.05,80.05,0
PKO029,20111220,80.04,80.04,80.04,80.04,0
PKO029,20111221,80.02,80.02,80.02,80.02,0
PKO029,20111222,80.05,80.05,80.05,80.05,0
PKO029,20111223,80.40,80.40,80.40,80.40,0
PKO029,20111227,80.07,80.07,80.07,80.07,0
PKO029,20111228,79.63,79.63,79.63,79.63,0
PKO029,20111229,80.32,80.32,80.32,80.32,0
PKO029,20111230,80.98,80.98,80.98,80.98,0
PKO029,20120102,81.94,81.94,81.94,81.94,0
PKO029,20120103,82.09,82.09,82.09,82.09,0
PKO029,20120104,80.92,80.92,80.92,80.92,0
PKO029,20120105,80.82,80.82,80.82,80.82,0
PKO029,20120109,80.88,80.88,80.88,80.88,0
PKO029,20120110,81.85,81.85,81.85,81.85,0
PKO029,20120111,81.81,81.81,81.81,81.81,0
PKO029,20120112,83.30,83.30,83.30,83.30,0
PKO029,20120113,82.17,82.17,82.17,82.17,0
PKO029,20120116,82.57,82.57,82.57,82.57,0
PKO029,20120117,83.58,83.58,83.58,83.58,0
PKO029,20120118,84.26,84.26,84.26,84.26,0
PKO029,20120119,85.24,85.24,85.24,85.24,0
PKO029,20120120,85.68,85.68,85.68,85.68,0
PKO029,20120123,86.22,86.22,86.22,86.22,0
PKO029,20120124,86.29,86.29,86.29,86.29,0
PKO029,20120125,87.16,87.16,87.16,87.16,0
PKO029,20120126,87.58,87.58,87.58,87.58,0
PKO029,20120127,87.71,87.71,87.71,87.71,0
PKO029,20120130,87.73,87.73,87.73,87.73,0
PKO029,20120131,88.94,88.94,88.94,88.94,0
PKO029,20120201,90.07,90.07,90.07,90.07,0
PKO029,20120202,90.56,90.56,90.56,90.56,0
PKO029,20120203,91.42,91.42,91.42,91.42,0
PKO029,20120206,91.31,91.31,91.31,91.31,0
PKO029,20120207,92.30,92.30,92.30,92.30,0
PKO029,20120208,92.11,92.11,92.11,92.11,0
PKO029,20120209,91.37,91.37,91.37,91.37,0
PKO029,20120210,89.55,89.55,89.55,89.55,0
PKO029,20120213,90.64,90.64,90.64,90.64,0
PKO029,20120214,90.83,90.83,90.83,90.83,0
PKO029,20120215,91.43,91.43,91.43,91.43,0
PKO029,20120216,92.63,92.63,92.63,92.63,0
PKO029,20120217,93.25,93.25,93.25,93.25,0
PKO029,20120220,92.73,92.73,92.73,92.73,0
PKO029,20120221,92.13,92.13,92.13,92.13,0
PKO029,20120222,91.41,91.41,91.41,91.41,0
PKO029,20120223,91.03,91.03,91.03,91.03,0
PKO029,20120224,91.65,91.65,91.65,91.65,0
PKO029,20120227,91.20,91.20,91.20,91.20,0
PKO029,20120228,91.56,91.56,91.56,91.56,0
PKO029,20120229,91.04,91.04,91.04,91.04,0
PKO029,20120301,90.77,90.77,90.77,90.77,0
PKO029,20120302,90.69,90.69,90.69,90.69,0
PKO029,20120305,90.55,90.55,90.55,90.55,0
PKO029,20120306,88.41,88.41,88.41,88.41,0
PKO029,20120307,88.55,88.55,88.55,88.55,0
PKO029,20120308,89.13,89.13,89.13,89.13,0
PKO029,20120309,89.06,89.06,89.06,89.06,0
PKO029,20120312,88.45,88.45,88.45,88.45,0
PKO029,20120313,88.57,88.57,88.57,88.57,0
PKO029,20120314,89.75,89.75,89.75,89.75,0
PKO029,20120315,90.26,90.26,90.26,90.26,0
PKO029,20120316,90.74,90.74,90.74,90.74,0
PKO029,20120319,90.95,90.95,90.95,90.95,0
PKO029,20120320,90.01,90.01,90.01,90.01,0
PKO029,20120321,89.37,89.37,89.37,89.37,0
PKO029,20120322,88.14,88.14,88.14,88.14,0
PKO029,20120323,88.63,88.63,88.63,88.63,0
PKO029,20120326,88.92,88.92,88.92,88.92,0
PKO029,20120327,89.15,89.15,89.15,89.15,0
PKO029,20120328,89.66,89.66,89.66,89.66,0
PKO029,20120329,88.99,88.99,88.99,88.99,0
PKO029,20120330,88.56,88.56,88.56,88.56,0
PKO029,20120402,88.06,88.06,88.06,88.06,0
PKO029,20120403,87.79,87.79,87.79,87.79,0
PKO029,20120404,86.99,86.99,86.99,86.99,0
PKO029,20120405,87.09,87.09,87.09,87.09,0
PKO029,20120410,86.81,86.81,86.81,86.81,0
PKO029,20120411,86.65,86.65,86.65,86.65,0
PKO029,20120412,86.03,86.03,86.03,86.03,0
PKO029,20120413,85.87,85.87,85.87,85.87,0
PKO029,20120416,85.72,85.72,85.72,85.72,0
PKO029,20120417,84.86,84.86,84.86,84.86,0
PKO029,20120418,84.45,84.45,84.45,84.45,0
PKO029,20120419,83.83,83.83,83.83,83.83,0
PKO029,20120420,83.14,83.14,83.14,83.14,0
PKO029,20120423,81.77,81.77,81.77,81.77,0
PKO029,20120424,82.02,82.02,82.02,82.02,0
PKO029,20120425,81.92,81.92,81.92,81.92,0
PKO029,20120426,81.96,81.96,81.96,81.96,0
PKO029,20120427,81.99,81.99,81.99,81.99,0
PKO029,20120430,82.39,82.39,82.39,82.39,0
PKO029,20120502,81.63,81.63,81.63,81.63,0
PKO029,20120504,81.45,81.45,81.45,81.45,0
PKO029,20120507,80.89,80.89,80.89,80.89,0
PKO029,20120508,80.36,80.36,80.36,80.36,0
PKO029,20120509,79.76,79.76,79.76,79.76,0
PKO029,20120510,79.85,79.85,79.85,79.85,0
PKO029,20120511,79.57,79.57,79.57,79.57,0
PKO029,20120514,79.06,79.06,79.06,79.06,0
PKO029,20120515,79.45,79.45,79.45,79.45,0
PKO029,20120516,79.14,79.14,79.14,79.14,0
PKO029,20120517,78.53,78.53,78.53,78.53,0
PKO029,20120518,79.05,79.05,79.05,79.05,0
PKO029,20120521,79.40,79.40,79.40,79.40,0
PKO029,20120522,80.06,80.06,80.06,80.06,0
PKO029,20120523,79.83,79.83,79.83,79.83,0
PKO029,20120524,80.03,80.03,80.03,80.03,0
PKO029,20120525,79.45,79.45,79.45,79.45,0
PKO029,20120528,80.13,80.13,80.13,80.13,0
PKO029,20120529,80.24,80.24,80.24,80.24,0
PKO029,20120530,79.33,79.33,79.33,79.33,0
PKO029,20120531,79.69,79.69,79.69,79.69,0
PKO029,20120601,78.71,78.71,78.71,78.71,0
PKO029,20120604,77.44,77.44,77.44,77.44,0
PKO029,20120605,76.74,76.74,76.74,76.74,0
PKO029,20120606,76.80,76.80,76.80,76.80,0
PKO029,20120608,76.75,76.75,76.75,76.75,0
PKO029,20120611,77.57,77.57,77.57,77.57,0
PKO029,20120612,77.94,77.94,77.94,77.94,0
PKO029,20120613,77.56,77.56,77.56,77.56,0
PKO029,20120614,77.24,77.24,77.24,77.24,0
PKO029,20120615,76.70,76.70,76.70,76.70,0
PKO029,20120618,76.50,76.50,76.50,76.50,0
PKO029,20120619,77.46,77.46,77.46,77.46,0
PKO029,20120620,77.55,77.55,77.55,77.55,0
PKO029,20120621,76.18,76.18,76.18,76.18,0
PKO029,20120622,76.06,76.06,76.06,76.06,0
PKO029,20120625,75.31,75.31,75.31,75.31,0
PKO029,20120626,76.00,76.00,76.00,76.00,0
PKO029,20120627,76.19,76.19,76.19,76.19,0
PKO029,20120628,75.24,75.24,75.24,75.24,0
PKO029,20120629,75.98,75.98,75.98,75.98,0
PKO029,20120702,75.75,75.75,75.75,75.75,0
PKO029,20120703,76.13,76.13,76.13,76.13,0
PKO029,20120704,75.79,75.79,75.79,75.79,0
PKO029,20120705,75.88,75.88,75.88,75.88,0
PKO029,20120706,75.64,75.64,75.64,75.64,0
PKO029,20120709,75.91,75.91,75.91,75.91,0
PKO029,20120710,75.25,75.25,75.25,75.25,0
PKO029,20120711,74.89,74.89,74.89,74.89,0
PKO029,20120712,74.61,74.61,74.61,74.61,0
PKO029,20120713,74.63,74.63,74.63,74.63,0
PKO029,20120716,74.40,74.40,74.40,74.40,0
PKO029,20120717,74.25,74.25,74.25,74.25,0
PKO029,20120718,73.91,73.91,73.91,73.91,0
PKO029,20120719,74.18,74.18,74.18,74.18,0
PKO029,20120720,73.67,73.67,73.67,73.67,0
PKO029,20120723,72.76,72.76,72.76,72.76,0
PKO029,20120724,73.02,73.02,73.02,73.02,0
PKO029,20120725,72.72,72.72,72.72,72.72,0
PKO029,20120726,72.65,72.65,72.65,72.65,0
PKO029,20120727,72.75,72.75,72.75,72.75,0
PKO029,20120730,73.59,73.59,73.59,73.59,0
PKO029,20120731,73.00,73.00,73.00,73.00,0
PKO029,20120801,72.34,72.34,72.34,72.34,0
PKO029,20120802,72.10,72.10,72.10,72.10,0
PKO029,20120803,72.54,72.54,72.54,72.54,0
PKO029,20120806,72.20,72.20,72.20,72.20,0
PKO029,20120807,72.73,72.73,72.73,72.73,0
PKO029,20120808,72.25,72.25,72.25,72.25,0
PKO029,20120809,71.87,71.87,71.87,71.87,0
PKO029,20120810,71.19,71.19,71.19,71.19,0
PKO029,20120813,71.25,71.25,71.25,71.25,0
PKO029,20120814,71.25,71.25,71.25,71.25,0
PKO029,20120816,71.98,71.98,71.98,71.98,0
PKO029,20120817,71.34,71.34,71.34,71.34,0
PKO029,20120820,70.39,70.39,70.39,70.39,0
PKO029,20120821,70.71,70.71,70.71,70.71,0
PKO029,20120822,71.37,71.37,71.37,71.37,0
PKO029,20120823,71.66,71.66,71.66,71.66,0
PKO029,20120824,71.44,71.44,71.44,71.44,0
PKO029,20120827,71.53,71.53,71.53,71.53,0
PKO029,20120828,71.06,71.06,71.06,71.06,0
PKO029,20120829,71.21,71.21,71.21,71.21,0
PKO029,20120830,71.56,71.56,71.56,71.56,0
PKO029,20120831,71.52,71.52,71.52,71.52,0
PKO029,20120903,71.50,71.50,71.50,71.50,0
PKO029,20120904,70.95,70.95,70.95,70.95,0
PKO029,20120905,71.00,71.00,71.00,71.00,0
PKO029,20120906,71.24,71.24,71.24,71.24,0
PKO029,20120907,71.48,71.48,71.48,71.48,0
PKO029,20120910,71.77,71.77,71.77,71.77,0
PKO029,20120911,71.61,71.61,71.61,71.61,0
PKO029,20120912,72.00,72.00,72.00,72.00,0
PKO029,20120913,71.69,71.69,71.69,71.69,0
PKO029,20120914,73.61,73.61,73.61,73.61,0
PKO029,20120917,74.00,74.00,74.00,74.00,0
PKO029,20120918,74.25,74.25,74.25,74.25,0
PKO029,20120919,74.63,74.63,74.63,74.63,0
PKO029,20120920,74.28,74.28,74.28,74.28,0
PKO029,20120921,74.37,74.37,74.37,74.37,0
PKO029,20120924,74.72,74.72,74.72,74.72,0
PKO029,20120925,75.07,75.07,75.07,75.07,0
PKO029,20120926,74.51,74.51,74.51,74.51,0
PKO029,20120927,75.08,75.08,75.08,75.08,0
PKO029,20120928,74.89,74.89,74.89,74.89,0
PKO029,20121001,75.35,75.35,75.35,75.35,0
PKO029,20121002,75.32,75.32,75.32,75.32,0
PKO029,20121003,75.59,75.59,75.59,75.59,0
PKO029,20121004,75.00,75.00,75.00,75.00,0
PKO029,20121005,75.54,75.54,75.54,75.54,0
PKO029,20121008,75.50,75.50,75.50,75.50,0
PKO029,20121009,75.34,75.34,75.34,75.34,0
PKO029,20121010,75.00,75.00,75.00,75.00,0
PKO029,20121011,74.90,74.90,74.90,74.90,0
PKO029,20121012,74.69,74.69,74.69,74.69,0
PKO029,20121015,74.48,74.48,74.48,74.48,0
PKO029,20121016,75.00,75.00,75.00,75.00,0
PKO029,20121017,74.93,74.93,74.93,74.93,0
PKO029,20121018,75.11,75.11,75.11,75.11,0
PKO029,20121019,74.98,74.98,74.98,74.98,0
PKO029,20121022,74.36,74.36,74.36,74.36,0
PKO029,20121023,73.79,73.79,73.79,73.79,0
PKO029,20121024,74.03,74.03,74.03,74.03,0
PKO029,20121025,74.65,74.65,74.65,74.65,0
PKO029,20121026,74.95,74.95,74.95,74.95,0
PKO029,20121029,74.52,74.52,74.52,74.52,0
PKO029,20121030,74.94,74.94,74.94,74.94,0
PKO029,20121031,75.64,75.64,75.64,75.64,0
PKO029,20121102,75.61,75.61,75.61,75.61,0
PKO029,20121105,76.08,76.08,76.08,76.08,0
PKO029,20121106,75.89,75.89,75.89,75.89,0
PKO029,20121107,75.49,75.49,75.49,75.49,0
PKO029,20121108,75.38,75.38,75.38,75.38,0
PKO029,20121109,75.08,75.08,75.08,75.08,0
PKO029,20121112,74.91,74.91,74.91,74.91,0
PKO029,20121113,74.48,74.48,74.48,74.48,0
PKO029,20121114,73.96,73.96,73.96,73.96,0
PKO029,20121115,73.59,73.59,73.59,73.59,0
PKO029,20121116,73.50,73.50,73.50,73.50,0
PKO029,20121119,74.30,74.30,74.30,74.30,0
PKO029,20121120,75.02,75.02,75.02,75.02,0
PKO029,20121121,75.50,75.50,75.50,75.50,0
PKO029,20121122,75.98,75.98,75.98,75.98,0
PKO029,20121123,76.01,76.01,76.01,76.01,0
PKO029,20121126,76.34,76.34,76.34,76.34,0
PKO029,20121127,76.19,76.19,76.19,76.19,0
PKO029,20121128,75.86,75.86,75.86,75.86,0
PKO029,20121129,75.83,75.83,75.83,75.83,0
PKO029,20121130,76.81,76.81,76.81,76.81,0
PKO029,20121203,76.60,76.60,76.60,76.60,0
PKO029,20121204,76.75,76.75,76.75,76.75,0
PKO029,20121205,76.80,76.80,76.80,76.80,0
PKO029,20121206,77.29,77.29,77.29,77.29,0
PKO029,20121207,76.83,76.83,76.83,76.83,0
PKO029,20121210,76.59,76.59,76.59,76.59,0
PKO029,20121211,77.44,77.44,77.44,77.44,0
PKO029,20121212,76.99,76.99,76.99,76.99,0
PKO029,20121213,76.46,76.46,76.46,76.46,0
PKO029,20121214,76.75,76.75,76.75,76.75,0
PKO029,20121217,76.61,76.61,76.61,76.61,0
PKO029,20121218,76.67,76.67,76.67,76.67,0
PKO029,20121219,76.14,76.14,76.14,76.14,0
PKO029,20121220,75.81,75.81,75.81,75.81,0
PKO029,20121221,76.01,76.01,76.01,76.01,0
PKO029,20121227,76.14,76.14,76.14,76.14,0
PKO029,20121228,76.25,76.25,76.25,76.25,0
PKO029,20130102,76.83,76.83,76.83,76.83,0
PKO029,20130103,76.97,76.97,76.97,76.97,0
PKO029,20130104,77.00,77.00,77.00,77.00,0
PKO029,20130107,76.86,76.86,76.86,76.86,0
PKO029,20130108,76.62,76.62,76.62,76.62,0
PKO029,20130109,77.35,77.35,77.35,77.35,0
PKO029,20130110,77.36,77.36,77.36,77.36,0
PKO029,20130111,77.73,77.73,77.73,77.73,0
PKO029,20130114,78.03,78.03,78.03,78.03,0
PKO029,20130115,77.96,77.96,77.96,77.96,0
PKO029,20130116,78.72,78.72,78.72,78.72,0
PKO029,20130117,78.78,78.78,78.78,78.78,0
PKO029,20130118,79.00,79.00,79.00,79.00,0
PKO029,20130121,79.22,79.22,79.22,79.22,0
PKO029,20130122,79.37,79.37,79.37,79.37,0
PKO029,20130123,79.19,79.19,79.19,79.19,0
PKO029,20130124,79.65,79.65,79.65,79.65,0
PKO029,20130125,79.85,79.85,79.85,79.85,0
PKO029,20130128,79.90,79.90,79.90,79.90,0
PKO029,20130129,79.88,79.88,79.88,79.88,0
PKO029,20130130,79.34,79.34,79.34,79.34,0
PKO029,20130131,79.50,79.50,79.50,79.50,0
PKO029,20130201,79.63,79.63,79.63,79.63,0
PKO029,20130204,78.68,78.68,78.68,78.68,0
PKO029,20130205,78.58,78.58,78.58,78.58,0
PKO029,20130206,77.90,77.90,77.90,77.90,0
PKO029,20130207,77.84,77.84,77.84,77.84,0
PKO029,20130208,78.14,78.14,78.14,78.14,0
PKO029,20130211,78.58,78.58,78.58,78.58,0
PKO029,20130212,78.75,78.75,78.75,78.75,0
PKO029,20130213,78.34,78.34,78.34,78.34,0
PKO029,20130214,78.54,78.54,78.54,78.54,0
PKO029,20130215,79.08,79.08,79.08,79.08,0
PKO029,20130218,79.74,79.74,79.74,79.74,0
PKO029,20130219,79.46,79.46,79.46,79.46,0
PKO029,20130220,78.87,78.87,78.87,78.87,0
PKO029,20130221,78.50,78.50,78.50,78.50,0
PKO029,20130222,78.40,78.40,78.40,78.40,0
PKO029,20130225,78.72,78.72,78.72,78.72,0
PKO029,20130226,78.67,78.67,78.67,78.67,0
PKO029,20130227,79.13,79.13,79.13,79.13,0
PKO029,20130228,79.42,79.42,79.42,79.42,0
PKO029,20130301,79.26,79.26,79.26,79.26,0
PKO029,20130304,79.19,79.19,79.19,79.19,0
PKO029,20130305,80.42,80.42,80.42,80.42,0
PKO029,20130306,80.14,80.14,80.14,80.14,0
PKO029,20130307,79.99,79.99,79.99,79.99,0
PKO029,20130308,80.11,80.11,80.11,80.11,0
PKO029,20130311,80.72,80.72,80.72,80.72,0
PKO029,20130312,82.04,82.04,82.04,82.04,0
PKO029,20130313,82.00,82.00,82.00,82.00,0
PKO029,20130314,81.41,81.41,81.41,81.41,0
PKO029,20130315,80.93,80.93,80.93,80.93,0
PKO029,20130318,80.29,80.29,80.29,80.29,0
PKO029,20130319,80.05,80.05,80.05,80.05,0
PKO029,20130320,79.60,79.60,79.60,79.60,0
PKO029,20130321,79.25,79.25,79.25,79.25,0
PKO029,20130322,77.97,77.97,77.97,77.97,0
PKO029,20130325,77.25,77.25,77.25,77.25,0
PKO029,20130326,77.22,77.22,77.22,77.22,0
PKO029,20130327,77.66,77.66,77.66,77.66,0
PKO029,20130328,78.17,78.17,78.17,78.17,0
PKO029,20130402,78.05,78.05,78.05,78.05,0
PKO029,20130403,77.02,77.02,77.02,77.02,0
PKO029,20130404,76.88,76.88,76.88,76.88,0
PKO029,20130405,76.80,76.80,76.80,76.80,0
PKO029,20130408,76.49,76.49,76.49,76.49,0
PKO029,20130409,76.71,76.71,76.71,76.71,0
PKO029,20130410,77.03,77.03,77.03,77.03,0
PKO029,20130411,76.98,76.98,76.98,76.98,0
PKO029,20130412,76.94,76.94,76.94,76.94,0
PKO029,20130415,76.04,76.04,76.04,76.04,0
PKO029,20130417,74.33,74.33,74.33,74.33,0
PKO029,20130418,73.95,73.95,73.95,73.95,0
PKO029,20130419,73.73,73.73,73.73,73.73,0
PKO029,20130422,73.92,73.92,73.92,73.92,0
PKO029,20130423,73.14,73.14,73.14,73.14,0
PKO029,20130424,73.45,73.45,73.45,73.45,0
PKO029,20130425,74.06,74.06,74.06,74.06,0
PKO029,20130426,74.33,74.33,74.33,74.33,0
PKO029,20130429,74.36,74.36,74.36,74.36,0
PKO029,20130430,74.58,74.58,74.58,74.58,0
PKO029,20130502,74.93,74.93,74.93,74.93,0
PKO029,20130506,75.16,75.16,75.16,75.16,0
PKO029,20130507,75.45,75.45,75.45,75.45,0
PKO029,20130508,75.42,75.42,75.42,75.42,0
PKO029,20130509,75.45,75.45,75.45,75.45,0
PKO029,20130510,75.66,75.66,75.66,75.66,0
PKO029,20130513,75.91,75.91,75.91,75.91,0
PKO029,20130514,75.85,75.85,75.85,75.85,0
PKO029,20130515,75.83,75.83,75.83,75.83,0
PKO029,20130516,76.47,76.47,76.47,76.47,0
PKO029,20130517,76.94,76.94,76.94,76.94,0
PKO029,20130520,76.78,76.78,76.78,76.78,0
PKO029,20130521,77.41,77.41,77.41,77.41,0
PKO029,20130522,77.56,77.56,77.56,77.56,0
PKO029,20130523,77.63,77.63,77.63,77.63,0
PKO029,20130524,78.06,78.06,78.06,78.06,0
PKO029,20130527,79.33,79.33,79.33,79.33,0
PKO029,20130528,80.15,80.15,80.15,80.15,0
PKO029,20130529,80.74,80.74,80.74,80.74,0
PKO029,20130531,80.79,80.79,80.79,80.79,0
PKO029,20130603,80.66,80.66,80.66,80.66,0
PKO029,20130604,81.41,81.41,81.41,81.41,0
PKO029,20130605,81.30,81.30,81.30,81.30,0
PKO029,20130606,80.66,80.66,80.66,80.66,0
PKO029,20130607,81.05,81.05,81.05,81.05,0
PKO029,20130610,80.82,80.82,80.82,80.82,0
PKO029,20130611,80.96,80.96,80.96,80.96,0
PKO029,20130612,82.09,82.09,82.09,82.09,0
PKO029,20130613,82.05,82.05,82.05,82.05,0
PKO029,20130614,82.15,82.15,82.15,82.15,0
PKO029,20130617,81.99,81.99,81.99,81.99,0
PKO029,20130618,81.86,81.86,81.86,81.86,0
PKO029,20130619,81.81,81.81,81.81,81.81,0
PKO029,20130620,80.68,80.68,80.68,80.68,0
PKO029,20130621,79.89,79.89,79.89,79.89,0
PKO029,20130624,80.33,80.33,80.33,80.33,0
PKO029,20130625,80.25,80.25,80.25,80.25,0
PKO029,20130626,80.49,80.49,80.49,80.49,0
PKO029,20130628,80.44,80.44,80.44,80.44,0
PKO029,20130701,80.54,80.54,80.54,80.54,0
PKO029,20130702,80.91,80.91,80.91,80.91,0
PKO029,20130703,80.53,80.53,80.53,80.53,0
PKO029,20130704,81.38,81.38,81.38,81.38,0
PKO029,20130705,80.72,80.72,80.72,80.72,0
PKO029,20130708,80.25,80.25,80.25,80.25,0
PKO029,20130709,79.82,79.82,79.82,79.82,0
PKO029,20130710,79.89,79.89,79.89,79.89,0
PKO029,20130711,80.06,80.06,80.06,80.06,0
PKO029,20130712,80.35,80.35,80.35,80.35,0
PKO029,20130715,80.16,80.16,80.16,80.16,0
PKO029,20130716,79.77,79.77,79.77,79.77,0
PKO029,20130717,79.53,79.53,79.53,79.53,0
PKO029,20130718,79.28,79.28,79.28,79.28,0
PKO029,20130719,79.76,79.76,79.76,79.76,0
PKO029,20130722,79.51,79.51,79.51,79.51,0
PKO029,20130723,79.46,79.46,79.46,79.46,0
PKO029,20130724,79.77,79.77,79.77,79.77,0
PKO029,20130725,79.55,79.55,79.55,79.55,0
PKO029,20130726,79.67,79.67,79.67,79.67,0
PKO029,20130729,80.23,80.23,80.23,80.23,0
PKO029,20130730,79.92,79.92,79.92,79.92,0
PKO029,20130731,80.35,80.35,80.35,80.35,0
PKO029,20130801,80.86,80.86,80.86,80.86,0
PKO029,20130802,81.30,81.30,81.30,81.30,0
PKO029,20130805,81.47,81.47,81.47,81.47,0
PKO029,20130806,80.64,80.64,80.64,80.64,0
PKO029,20130807,80.88,80.88,80.88,80.88,0
PKO029,20130808,81.40,81.40,81.40,81.40,0
PKO029,20130809,81.73,81.73,81.73,81.73,0
PKO029,20130812,82.22,82.22,82.22,82.22,0
PKO029,20130813,82.67,82.67,82.67,82.67,0
PKO029,20130814,83.39,83.39,83.39,83.39,0
PKO029,20130816,82.84,82.84,82.84,82.84,0
PKO029,20130819,81.95,81.95,81.95,81.95,0
PKO029,20130820,80.89,80.89,80.89,80.89,0
PKO029,20130821,81.05,81.05,81.05,81.05,0
PKO029,20130822,81.23,81.23,81.23,81.23,0
PKO029,20130823,81.05,81.05,81.05,81.05,0
PKO029,20130826,80.59,80.59,80.59,80.59,0
PKO029,20130827,79.19,79.19,79.19,79.19,0
PKO029,20130828,78.78,78.78,78.78,78.78,0
PKO029,20130829,79.56,79.56,79.56,79.56,0
PKO029,20130830,79.17,79.17,79.17,79.17,0
PKO029,20130902,79.39,79.39,79.39,79.39,0
PKO029,20130903,79.20,79.20,79.20,79.20,0
PKO029,20130904,78.91,78.91,78.91,78.91,0
PKO029,20130905,77.50,77.50,77.50,77.50,0
PKO029,20130906,78.49,78.49,78.49,78.49,0
PKO029,20130909,79.38,79.38,79.38,79.38,0
PKO029,20130910,80.60,80.60,80.60,80.60,0
PKO029,20130911,80.98,80.98,80.98,80.98,0
PKO029,20130912,81.45,81.45,81.45,81.45,0
PKO029,20130913,81.41,81.41,81.41,81.41,0
PKO029,20130916,81.67,81.67,81.67,81.67,0
PKO029,20130917,81.84,81.84,81.84,81.84,0
PKO029,20130918,81.96,81.96,81.96,81.96,0
PKO029,20130919,81.83,81.83,81.83,81.83,0
PKO029,20130920,81.91,81.91,81.91,81.91,0
PKO029,20130923,81.62,81.62,81.62,81.62,0
PKO029,20130924,81.46,81.46,81.46,81.46,0
PKO029,20130925,81.61,81.61,81.61,81.61,0
PKO029,20130926,82.14,82.14,82.14,82.14,0
PKO029,20130927,82.09,82.09,82.09,82.09,0
PKO029,20130930,81.74,81.74,81.74,81.74,0
PKO029,20131001,81.73,81.73,81.73,81.73,0
PKO029,20131002,81.67,81.67,81.67,81.67,0
PKO029,20131003,81.62,81.62,81.62,81.62,0
PKO029,20131004,81.80,81.80,81.80,81.80,0
PKO029,20131007,81.53,81.53,81.53,81.53,0
PKO029,20131008,81.04,81.04,81.04,81.04,0
PKO029,20131009,80.61,80.61,80.61,80.61,0
PKO029,20131010,81.47,81.47,81.47,81.47,0
PKO029,20131011,81.89,81.89,81.89,81.89,0
PKO029,20131014,82.48,82.48,82.48,82.48,0
PKO029,20131015,83.08,83.08,83.08,83.08,0
PKO029,20131016,83.17,83.17,83.17,83.17,0
PKO029,20131017,83.44,83.44,83.44,83.44,0
PKO029,20131018,83.72,83.72,83.72,83.72,0
PKO029,20131021,84.35,84.35,84.35,84.35,0
PKO029,20131022,84.88,84.88,84.88,84.88,0
PKO029,20131023,84.57,84.57,84.57,84.57,0
PKO029,20131024,85.01,85.01,85.01,85.01,0
PKO029,20131025,85.37,85.37,85.37,85.37,0
PKO029,20131028,86.63,86.63,86.63,86.63,0
PKO029,20131029,86.81,86.81,86.81,86.81,0
PKO029,20131030,86.81,86.81,86.81,86.81,0
PKO029,20131031,86.64,86.64,86.64,86.64,0
PKO029,20131104,87.04,87.04,87.04,87.04,0
PKO029,20131105,86.95,86.95,86.95,86.95,0
PKO029,20131106,87.36,87.36,87.36,87.36,0
PKO029,20131107,87.19,87.19,87.19,87.19,0
PKO029,20131108,86.61,86.61,86.61,86.61,0
PKO029,20131112,87.01,87.01,87.01,87.01,0
PKO029,20131113,86.60,86.60,86.60,86.60,0
PKO029,20131114,86.58,86.58,86.58,86.58,0
PKO029,20131115,86.86,86.86,86.86,86.86,0
PKO029,20131118,87.02,87.02,87.02,87.02,0
PKO029,20131119,86.66,86.66,86.66,86.66,0
PKO029,20131120,86.76,86.76,86.76,86.76,0
PKO029,20131121,86.98,86.98,86.98,86.98,0
PKO029,20131122,87.34,87.34,87.34,87.34,0
PKO029,20131125,87.67,87.67,87.67,87.67,0
PKO029,20131126,87.01,87.01,87.01,87.01,0
PKO029,20131127,87.14,87.14,87.14,87.14,0
PKO029,20131128,87.17,87.17,87.17,87.17,0
PKO029,20131129,87.49,87.49,87.49,87.49,0
PKO029,20131202,87.12,87.12,87.12,87.12,0
PKO029,20131203,85.99,85.99,85.99,85.99,0
PKO029,20131204,85.34,85.34,85.34,85.34,0
PKO029,20131205,85.20,85.20,85.20,85.20,0
PKO029,20131206,85.67,85.67,85.67,85.67,0
PKO029,20131209,85.79,85.79,85.79,85.79,0
PKO029,20131210,85.52,85.52,85.52,85.52,0
PKO029,20131211,85.59,85.59,85.59,85.59,0
PKO029,20131212,84.46,84.46,84.46,84.46,0
PKO029,20131213,84.57,84.57,84.57,84.57,0
PKO029,20131216,84.96,84.96,84.96,84.96,0
PKO029,20131217,83.70,83.70,83.70,83.70,0
PKO029,20131218,84.01,84.01,84.01,84.01,0
PKO029,20131219,83.75,83.75,83.75,83.75,0
PKO029,20131220,83.88,83.88,83.88,83.88,0
PKO029,20131223,84.36,84.36,84.36,84.36,0
PKO029,20131227,84.80,84.80,84.80,84.80,0
PKO029,20131230,84.80,84.80,84.80,84.80,0
PKO029,20140102,86.07,86.07,86.07,86.07,0
PKO029,20140103,85.97,85.97,85.97,85.97,0
PKO029,20140107,85.42,85.42,85.42,85.42,0
PKO029,20140108,85.37,85.37,85.37,85.37,0
PKO029,20140109,84.74,84.74,84.74,84.74,0
PKO029,20140110,84.78,84.78,84.78,84.78,0
PKO029,20140113,85.34,85.34,85.34,85.34,0
PKO029,20140114,85.52,85.52,85.52,85.52,0
PKO029,20140115,86.23,86.23,86.23,86.23,0
PKO029,20140116,86.36,86.36,86.36,86.36,0
PKO029,20140117,86.40,86.40,86.40,86.40,0
PKO029,20140120,86.19,86.19,86.19,86.19,0
PKO029,20140121,86.52,86.52,86.52,86.52,0
PKO029,20140122,86.49,86.49,86.49,86.49,0
PKO029,20140123,86.31,86.31,86.31,86.31,0
PKO029,20140124,85.18,85.18,85.18,85.18,0
PKO029,20140127,84.73,84.73,84.73,84.73,0
PKO029,20140128,84.73,84.73,84.73,84.73,0
PKO029,20140129,84.39,84.39,84.39,84.39,0
PKO029,20140130,84.81,84.81,84.81,84.81,0
PKO029,20140131,84.76,84.76,84.76,84.76,0
PKO029,20140203,83.92,83.92,83.92,83.92,0
PKO029,20140204,83.91,83.91,83.91,83.91,0
PKO029,20140205,83.79,83.79,83.79,83.79,0
PKO029,20140206,84.41,84.41,84.41,84.41,0
PKO029,20140207,84.70,84.70,84.70,84.70,0
PKO029,20140210,84.78,84.78,84.78,84.78,0
PKO029,20140211,85.13,85.13,85.13,85.13,0
PKO029,20140212,85.72,85.72,85.72,85.72,0
PKO029,20140213,85.27,85.27,85.27,85.27,0
PKO029,20140214,85.59,85.59,85.59,85.59,0
PKO029,20140217,85.95,85.95,85.95,85.95,0
PKO029,20140218,85.69,85.69,85.69,85.69,0
PKO029,20140219,85.48,85.48,85.48,85.48,0
PKO029,20140220,85.59,85.59,85.59,85.59,0
PKO029,20140221,85.88,85.88,85.88,85.88,0
PKO029,20140224,85.85,85.85,85.85,85.85,0
PKO029,20140225,85.62,85.62,85.62,85.62,0
PKO029,20140226,85.44,85.44,85.44,85.44,0
PKO029,20140227,85.23,85.23,85.23,85.23,0
PKO029,20140228,85.64,85.64,85.64,85.64,0
PKO029,20140303,82.58,82.58,82.58,82.58,0
PKO029,20140304,83.70,83.70,83.70,83.70,0
PKO029,20140305,83.47,83.47,83.47,83.47,0
PKO029,20140306,83.98,83.98,83.98,83.98,0
PKO029,20140307,83.04,83.04,83.04,83.04,0
PKO029,20140310,82.42,82.42,82.42,82.42,0
PKO029,20140311,82.61,82.61,82.61,82.61,0
PKO029,20140312,81.71,81.71,81.71,81.71,0
PKO029,20140313,80.86,80.86,80.86,80.86,0
PKO029,20140314,79.75,79.75,79.75,79.75,0
PKO029,20140317,81.11,81.11,81.11,81.11,0
PKO029,20140318,82.26,82.26,82.26,82.26,0
PKO029,20140319,82.26,82.26,82.26,82.26,0
PKO029,20140320,82.30,82.30,82.30,82.30,0
PKO029,20140321,82.43,82.43,82.43,82.43,0
PKO029,20140324,81.55,81.55,81.55,81.55,0
PKO029,20140325,82.60,82.60,82.60,82.60,0
PKO029,20140326,83.08,83.08,83.08,83.08,0
PKO029,20140327,83.00,83.00,83.00,83.00,0
PKO029,20140328,83.25,83.25,83.25,83.25,0
PKO029,20140331,83.99,83.99,83.99,83.99,0
PKO029,20140401,84.66,84.66,84.66,84.66,0
PKO029,20140402,84.43,84.43,84.43,84.43,0
PKO029,20140403,84.58,84.58,84.58,84.58,0
PKO029,20140404,85.22,85.22,85.22,85.22,0
PKO029,20140407,84.63,84.63,84.63,84.63,0
PKO029,20140408,84.55,84.55,84.55,84.55,0
PKO029,20140409,85.03,85.03,85.03,85.03,0
PKO029,20140410,84.96,84.96,84.96,84.96,0
PKO029,20140411,84.66,84.66,84.66,84.66,0
PKO029,20140414,84.20,84.20,84.20,84.20,0
PKO029,20140415,83.88,83.88,83.88,83.88,0
PKO029,20140416,84.28,84.28,84.28,84.28,0
PKO029,20140417,84.60,84.60,84.60,84.60,0
PKO029,20140422,85.38,85.38,85.38,85.38,0
PKO029,20140423,85.31,85.31,85.31,85.31,0
PKO029,20140424,84.84,84.84,84.84,84.84,0
PKO029,20140425,84.30,84.30,84.30,84.30,0
PKO029,20140428,84.20,84.20,84.20,84.20,0
PKO029,20140429,84.52,84.52,84.52,84.52,0
PKO029,20140430,84.42,84.42,84.42,84.42,0
PKO029,20140502,84.16,84.16,84.16,84.16,0
PKO029,20140505,83.95,83.95,83.95,83.95,0
PKO029,20140506,83.80,83.80,83.80,83.80,0
PKO029,20140507,83.55,83.55,83.55,83.55,0
PKO029,20140508,83.88,83.88,83.88,83.88,0
PKO029,20140509,83.58,83.58,83.58,83.58,0
PKO029,20140512,83.77,83.77,83.77,83.77,0
PKO029,20140513,83.90,83.90,83.90,83.90,0
PKO029,20140514,83.94,83.94,83.94,83.94,0
PKO029,20140515,83.39,83.39,83.39,83.39,0
PKO029,20140516,83.01,83.01,83.01,83.01,0
PKO029,20140519,83.33,83.33,83.33,83.33,0
PKO029,20140520,83.39,83.39,83.39,83.39,0
PKO029,20140521,83.68,83.68,83.68,83.68,0
PKO029,20140522,84.43,84.43,84.43,84.43,0
PKO029,20140523,84.70,84.70,84.70,84.70,0
PKO029,20140526,85.26,85.26,85.26,85.26,0
PKO029,20140527,85.48,85.48,85.48,85.48,0
PKO029,20140528,85.72,85.72,85.72,85.72,0
PKO029,20140529,85.83,85.83,85.83,85.83,0
PKO029,20140530,85.59,85.59,85.59,85.59,0
PKO029,20140602,85.67,85.67,85.67,85.67,0
PKO029,20140603,85.48,85.48,85.48,85.48,0
PKO029,20140604,85.79,85.79,85.79,85.79,0
PKO029,20140605,86.19,86.19,86.19,86.19,0
PKO029,20140609,86.99,86.99,86.99,86.99,0
PKO029,20140610,86.81,86.81,86.81,86.81,0
PKO029,20140611,86.34,86.34,86.34,86.34,0
PKO029,20140612,85.94,85.94,85.94,85.94,0
PKO029,20140613,85.62,85.62,85.62,85.62,0
PKO029,20140616,85.16,85.16,85.16,85.16,0
PKO029,20140617,85.19,85.19,85.19,85.19,0
PKO029,20140618,85.31,85.31,85.31,85.31,0
PKO029,20140620,85.27,85.27,85.27,85.27,0
PKO029,20140623,84.96,84.96,84.96,84.96,0
PKO029,20140624,85.02,85.02,85.02,85.02,0
PKO029,20140625,84.36,84.36,84.36,84.36,0
PKO029,20140626,84.37,84.37,84.37,84.37,0
PKO029,20140627,84.77,84.77,84.77,84.77,0
PKO029,20140630,84.69,84.69,84.69,84.69,0
PKO029,20140701,83.46,83.46,83.46,83.46,0
PKO029,20140702,83.57,83.57,83.57,83.57,0
PKO029,20140703,83.61,83.61,83.61,83.61,0
PKO029,20140704,83.60,83.60,83.60,83.60,0
PKO029,20140707,83.43,83.43,83.43,83.43,0
PKO029,20140708,82.87,82.87,82.87,82.87,0
PKO029,20140709,82.41,82.41,82.41,82.41,0
PKO029,20140710,81.91,81.91,81.91,81.91,0
PKO029,20140711,82.12,82.12,82.12,82.12,0
PKO029,20140714,82.86,82.86,82.86,82.86,0
PKO029,20140715,82.62,82.62,82.62,82.62,0
PKO029,20140716,82.66,82.66,82.66,82.66,0
PKO029,20140717,82.14,82.14,82.14,82.14,0
PKO029,20140718,81.91,81.91,81.91,81.91,0
PKO029,20140721,81.24,81.24,81.24,81.24,0
PKO029,20140722,81.83,81.83,81.83,81.83,0
PKO029,20140723,82.23,82.23,82.23,82.23,0
PKO029,20140724,82.03,82.03,82.03,82.03,0
PKO029,20140725,81.23,81.23,81.23,81.23,0
PKO029,20140728,80.52,80.52,80.52,80.52,0
PKO029,20140729,80.40,80.40,80.40,80.40,0
PKO029,20140730,79.92,79.92,79.92,79.92,0
PKO029,20140731,79.36,79.36,79.36,79.36,0
PKO029,20140801,78.89,78.89,78.89,78.89,0
PKO029,20140804,78.98,78.98,78.98,78.98,0
PKO029,20140805,78.28,78.28,78.28,78.28,0
PKO029,20140806,77.30,77.30,77.30,77.30,0
PKO029,20140807,76.92,76.92,76.92,76.92,0
PKO029,20140808,76.53,76.53,76.53,76.53,0
PKO029,20140811,77.28,77.28,77.28,77.28,0
PKO029,20140812,77.31,77.31,77.31,77.31,0
PKO029,20140813,78.17,78.17,78.17,78.17,0
PKO029,20140814,78.58,78.58,78.58,78.58,0
PKO029,20140818,79.10,79.10,79.10,79.10,0
PKO029,20140819,79.35,79.35,79.35,79.35,0
PKO029,20140820,79.62,79.62,79.62,79.62,0
PKO029,20140821,79.99,79.99,79.99,79.99,0
PKO029,20140822,79.84,79.84,79.84,79.84,0
PKO029,20140825,80.02,80.02,80.02,80.02,0
PKO029,20140826,80.51,80.51,80.51,80.51,0
PKO029,20140827,80.73,80.73,80.73,80.73,0
PKO029,20140828,80.25,80.25,80.25,80.25,0
PKO029,20140829,80.23,80.23,80.23,80.23,0
PKO029,20140901,80.02,80.02,80.02,80.02,0
PKO029,20140902,79.81,79.81,79.81,79.81,0
PKO029,20140903,80.56,80.56,80.56,80.56,0
PKO029,20140904,80.49,80.49,80.49,80.49,0
PKO029,20140905,80.70,80.70,80.70,80.70,0
PKO029,20140908,80.19,80.19,80.19,80.19,0
PKO029,20140909,80.32,80.32,80.32,80.32,0
PKO029,20140910,80.34,80.34,80.34,80.34,0
PKO029,20140911,80.09,80.09,80.09,80.09,0
PKO029,20140912,79.73,79.73,79.73,79.73,0
PKO029,20140915,79.89,79.89,79.89,79.89,0
PKO029,20140916,79.81,79.81,79.81,79.81,0
PKO029,20140917,80.42,80.42,80.42,80.42,0
PKO029,20140918,80.31,80.31,80.31,80.31,0
PKO029,20140919,80.74,80.74,80.74,80.74,0
PKO029,20140922,80.36,80.36,80.36,80.36,0
PKO029,20140923,79.70,79.70,79.70,79.70,0
PKO029,20140924,80.06,80.06,80.06,80.06,0
PKO029,20140925,79.52,79.52,79.52,79.52,0
PKO029,20140926,79.59,79.59,79.59,79.59,0
PKO029,20140929,79.60,79.60,79.60,79.60,0
PKO029,20140930,79.43,79.43,79.43,79.43,0
PKO029,20141001,79.34,79.34,79.34,79.34,0
PKO029,20141002,78.67,78.67,78.67,78.67,0
PKO029,20141003,78.75,78.75,78.75,78.75,0
PKO029,20141006,79.26,79.26,79.26,79.26,0
PKO029,20141007,78.94,78.94,78.94,78.94,0
PKO029,20141008,78.02,78.02,78.02,78.02,0
PKO029,20141009,77.62,77.62,77.62,77.62,0
PKO029,20141010,76.39,76.39,76.39,76.39,0
PKO029,20141013,76.28,76.28,76.28,76.28,0
PKO029,20141014,76.28,76.28,76.28,76.28,0
PKO029,20141015,75.50,75.50,75.50,75.50,0
PKO029,20141016,75.12,75.12,75.12,75.12,0
PKO029,20141017,76.33,76.33,76.33,76.33,0
PKO029,20141020,76.09,76.09,76.09,76.09,0
PKO029,20141021,77.39,77.39,77.39,77.39,0
PKO029,20141022,77.11,77.11,77.11,77.11,0
PKO029,20141023,77.27,77.27,77.27,77.27,0
PKO029,20141024,77.35,77.35,77.35,77.35,0
PKO029,20141027,76.94,76.94,76.94,76.94,0
PKO029,20141028,77.45,77.45,77.45,77.45,0
PKO029,20141029,77.45,77.45,77.45,77.45,0
PKO029,20141030,77.76,77.76,77.76,77.76,0
PKO029,20141031,78.54,78.54,78.54,78.54,0
PKO029,20141103,78.12,78.12,78.12,78.12,0
PKO029,20141104,77.90,77.90,77.90,77.90,0
PKO029,20141105,77.67,77.67,77.67,77.67,0
PKO029,20141106,77.55,77.55,77.55,77.55,0
PKO029,20141107,77.48,77.48,77.48,77.48,0
PKO029,20141110,77.55,77.55,77.55,77.55,0
PKO029,20141112,77.75,77.75,77.75,77.75,0
PKO029,20141113,77.36,77.36,77.36,77.36,0
PKO029,20141114,77.37,77.37,77.37,77.37,0
PKO029,20141117,77.12,77.12,77.12,77.12,0
PKO029,20141118,78.00,78.00,78.00,78.00,0
PKO029,20141119,78.39,78.39,78.39,78.39,0
PKO029,20141120,78.70,78.70,78.70,78.70,0
PKO029,20141121,79.24,79.24,79.24,79.24,0
PKO029,20141124,79.12,79.12,79.12,79.12,0
PKO029,20141125,79.21,79.21,79.21,79.21,0
PKO029,20141126,79.23,79.23,79.23,79.23,0
PKO029,20141127,79.09,79.09,79.09,79.09,0
PKO029,20141128,78.68,78.68,78.68,78.68,0
PKO029,20141201,78.02,78.02,78.02,78.02,0
PKO029,20141202,78.08,78.08,78.08,78.08,0
PKO029,20141203,78.12,78.12,78.12,78.12,0
PKO029,20141204,78.06,78.06,78.06,78.06,0
PKO029,20141205,78.23,78.23,78.23,78.23,0
PKO029,20141208,77.89,77.89,77.89,77.89,0
PKO029,20141209,77.23,77.23,77.23,77.23,0
PKO029,20141210,76.71,76.71,76.71,76.71,0
PKO029,20141211,76.71,76.71,76.71,76.71,0
PKO029,20141212,75.80,75.80,75.80,75.80,0
PKO029,20141215,74.58,74.58,74.58,74.58,0
PKO029,20141216,73.45,73.45,73.45,73.45,0
PKO029,20141217,73.89,73.89,73.89,73.89,0
PKO029,20141218,75.07,75.07,75.07,75.07,0
PKO029,20141219,74.97,74.97,74.97,74.97,0
PKO029,20141222,75.10,75.10,75.10,75.10,0
PKO029,20141223,75.72,75.72,75.72,75.72,0
PKO029,20141229,75.85,75.85,75.85,75.85,0
PKO029,20141230,75.39,75.39,75.39,75.39,0
PKO029,20150102,75.37,75.37,75.37,75.37,0
PKO029,20150105,74.54,74.54,74.54,74.54,0
PKO029,20150107,74.55,74.55,74.55,74.55,0
PKO029,20150108,76.10,76.10,76.10,76.10,0
PKO029,20150109,76.19,76.19,76.19,76.19,0
PKO029,20150112,76.06,76.06,76.06,76.06,0
PKO029,20150113,76.11,76.11,76.11,76.11,0
PKO029,20150114,75.57,75.57,75.57,75.57,0
PKO029,20150115,75.74,75.74,75.74,75.74,0
PKO029,20150116,75.53,75.53,75.53,75.53,0
PKO029,20150119,75.73,75.73,75.73,75.73,0
PKO029,20150120,75.66,75.66,75.66,75.66,0
PKO029,20150121,75.91,75.91,75.91,75.91,0
PKO029,20150122,76.58,76.58,76.58,76.58,0
PKO029,20150123,77.25,77.25,77.25,77.25,0
PKO029,20150126,77.51,77.51,77.51,77.51,0
PKO029,20150127,77.29,77.29,77.29,77.29,0
PKO029,20150128,77.06,77.06,77.06,77.06,0
PKO029,20150129,77.00,77.00,77.00,77.00,0
PKO029,20150130,76.84,76.84,76.84,76.84,0
PKO029,20150202,77.31,77.31,77.31,77.31,0
PKO029,20150203,77.84,77.84,77.84,77.84,0
PKO029,20150204,77.69,77.69,77.69,77.69,0
PKO029,20150205,77.73,77.73,77.73,77.73,0
PKO029,20150206,77.90,77.90,77.90,77.90,0
PKO029,20150209,77.90,77.90,77.90,77.90,0
PKO029,20150210,78.03,78.03,78.03,78.03,0
PKO029,20150211,78.24,78.24,78.24,78.24,0
PKO029,20150212,79.74,79.74,79.74,79.74,0
PKO029,20150213,80.20,80.20,80.20,80.20,0
PKO029,20150216,80.69,80.69,80.69,80.69,0
PKO029,20150217,80.54,80.54,80.54,80.54,0
PKO029,20150218,80.95,80.95,80.95,80.95,0
PKO029,20150219,81.37,81.37,81.37,81.37,0
PKO029,20150220,81.44,81.44,81.44,81.44,0
PKO029,20150223,81.53,81.53,81.53,81.53,0
PKO029,20150224,81.89,81.89,81.89,81.89,0
PKO029,20150225,82.37,82.37,82.37,82.37,0
PKO029,20150226,82.47,82.47,82.47,82.47,0
PKO029,20150227,82.73,82.73,82.73,82.73,0
PKO029,20150302,82.96,82.96,82.96,82.96,0
PKO029,20150303,82.83,82.83,82.83,82.83,0
PKO029,20150304,82.70,82.70,82.70,82.70,0
PKO029,20150305,82.74,82.74,82.74,82.74,0
PKO029,20150306,83.14,83.14,83.14,83.14,0
PKO029,20150309,83.17,83.17,83.17,83.17,0
PKO029,20150310,82.63,82.63,82.63,82.63,0
PKO029,20150311,82.89,82.89,82.89,82.89,0
PKO029,20150312,82.77,82.77,82.77,82.77,0
PKO029,20150313,82.80,82.80,82.80,82.80,0
PKO029,20150316,82.77,82.77,82.77,82.77,0
PKO029,20150317,82.67,82.67,82.67,82.67,0
PKO029,20150318,82.74,82.74,82.74,82.74,0
PKO029,20150319,82.62,82.62,82.62,82.62,0
PKO029,20150320,83.05,83.05,83.05,83.05,0
PKO029,20150323,83.47,83.47,83.47,83.47,0
PKO029,20150324,83.93,83.93,83.93,83.93,0
PKO029,20150325,83.59,83.59,83.59,83.59,0
PKO029,20150326,83.26,83.26,83.26,83.26,0
PKO029,20150327,83.44,83.44,83.44,83.44,0
PKO029,20150330,83.76,83.76,83.76,83.76,0
PKO029,20150331,83.76,83.76,83.76,83.76,0
PKO029,20150401,83.70,83.70,83.70,83.70,0
PKO029,20150402,83.97,83.97,83.97,83.97,0
PKO029,20150407,84.30,84.30,84.30,84.30,0
PKO029,20150408,84.45,84.45,84.45,84.45,0
PKO029,20150409,84.88,84.88,84.88,84.88,0
PKO029,20150410,84.81,84.81,84.81,84.81,0
PKO029,20150413,84.91,84.91,84.91,84.91,0
PKO029,20150414,85.14,85.14,85.14,85.14,0
PKO029,20150415,85.58,85.58,85.58,85.58,0
PKO029,20150416,85.73,85.73,85.73,85.73,0
PKO029,20150417,85.31,85.31,85.31,85.31,0
PKO029,20150420,85.29,85.29,85.29,85.29,0
PKO029,20150421,85.31,85.31,85.31,85.31,0
PKO029,20150422,85.26,85.26,85.26,85.26,0
PKO029,20150423,85.13,85.13,85.13,85.13,0
PKO029,20150424,84.72,84.72,84.72,84.72,0
PKO029,20150427,85.10,85.10,85.10,85.10,0
PKO029,20150428,84.61,84.61,84.61,84.61,0
PKO029,20150429,84.57,84.57,84.57,84.57,0
PKO029,20150430,84.69,84.69,84.69,84.69,0
PKO029,20150504,85.33,85.33,85.33,85.33,0
PKO029,20150505,84.47,84.47,84.47,84.47,0
PKO029,20150506,84.76,84.76,84.76,84.76,0
PKO029,20150507,85.18,85.18,85.18,85.18,0
PKO029,20150508,85.91,85.91,85.91,85.91,0
PKO029,20150511,86.34,86.34,86.34,86.34,0
PKO029,20150512,86.16,86.16,86.16,86.16,0
PKO029,20150513,86.51,86.51,86.51,86.51,0
PKO029,20150514,86.33,86.33,86.33,86.33,0
PKO029,20150515,86.63,86.63,86.63,86.63,0
PKO029,20150518,86.60,86.60,86.60,86.60,0
PKO029,20150519,86.56,86.56,86.56,86.56,0
PKO029,20150520,86.77,86.77,86.77,86.77,0
PKO029,20150521,87.05,87.05,87.05,87.05,0
PKO029,20150522,87.00,87.00,87.00,87.00,0
PKO029,20150525,86.78,86.78,86.78,86.78,0
PKO029,20150526,86.38,86.38,86.38,86.38,0
PKO029,20150527,86.72,86.72,86.72,86.72,0
PKO029,20150528,86.74,86.74,86.74,86.74,0
PKO029,20150529,86.13,86.13,86.13,86.13,0
PKO029,20150601,86.21,86.21,86.21,86.21,0
PKO029,20150602,86.29,86.29,86.29,86.29,0
PKO029,20150603,86.09,86.09,86.09,86.09,0
PKO029,20150605,85.36,85.36,85.36,85.36,0
PKO029,20150608,84.61,84.61,84.61,84.61,0
PKO029,20150609,84.57,84.57,84.57,84.57,0
PKO029,20150610,84.91,84.91,84.91,84.91,0
PKO029,20150611,84.87,84.87,84.87,84.87,0
PKO029,20150612,84.54,84.54,84.54,84.54,0
PKO029,20150615,83.89,83.89,83.89,83.89,0
PKO029,20150616,83.98,83.98,83.98,83.98,0
PKO029,20150617,83.49,83.49,83.49,83.49,0
PKO029,20150618,83.46,83.46,83.46,83.46,0
PKO029,20150622,84.17,84.17,84.17,84.17,0
PKO029,20150623,84.71,84.71,84.71,84.71,0
PKO029,20150624,84.35,84.35,84.35,84.35,0
PKO029,20150625,84.26,84.26,84.26,84.26,0
PKO029,20150626,84.43,84.43,84.43,84.43,0
PKO029,20150629,83.23,83.23,83.23,83.23,0
PKO029,20150630,83.32,83.32,83.32,83.32,0
PKO029,20150701,83.94,83.94,83.94,83.94,0
PKO029,20150702,84.04,84.04,84.04,84.04,0
PKO029,20150703,83.87,83.87,83.87,83.87,0
PKO029,20150706,83.37,83.37,83.37,83.37,0
PKO029,20150707,82.85,82.85,82.85,82.85,0
PKO029,20150708,82.60,82.60,82.60,82.60,0
PKO029,20150709,83.29,83.29,83.29,83.29,0
PKO029,20150710,84.41,84.41,84.41,84.41,0
PKO029,20150713,85.30,85.30,85.30,85.30,0
PKO029,20150714,86.18,86.18,86.18,86.18,0
PKO029,20150715,86.49,86.49,86.49,86.49,0
PKO029,20150716,87.08,87.08,87.08,87.08,0
PKO029,20150717,87.39,87.39,87.39,87.39,0
PKO029,20150720,87.62,87.62,87.62,87.62,0
PKO029,20150721,87.33,87.33,87.33,87.33,0
PKO029,20150722,87.23,87.23,87.23,87.23,0
PKO029,20150723,87.01,87.01,87.01,87.01,0
PKO029,20150724,86.80,86.80,86.80,86.80,0
PKO029,20150727,85.90,85.90,85.90,85.90,0
PKO029,20150728,86.25,86.25,86.25,86.25,0
PKO029,20150729,86.59,86.59,86.59,86.59,0
PKO029,20150730,86.64,86.64,86.64,86.64,0
PKO029,20150731,87.13,87.13,87.13,87.13,0
PKO029,20150803,86.82,86.82,86.82,86.82,0
PKO029,20150804,87.22,87.22,87.22,87.22,0
PKO029,20150805,88.35,88.35,88.35,88.35,0
PKO029,20150806,88.31,88.31,88.31,88.31,0
PKO029,20150807,88.09,88.09,88.09,88.09,0
PKO029,20150810,88.38,88.38,88.38,88.38,0
PKO029,20150811,88.24,88.24,88.24,88.24,0
PKO029,20150812,87.63,87.63,87.63,87.63,0
PKO029,20150813,87.73,87.73,87.73,87.73,0
PKO029,20150814,87.54,87.54,87.54,87.54,0
PKO029,20150817,87.11,87.11,87.11,87.11,0
PKO029,20150818,87.09,87.09,87.09,87.09,0
PKO029,20150819,86.94,86.94,86.94,86.94,0
PKO029,20150820,86.94,86.94,86.94,86.94,0
PKO029,20150821,84.62,84.62,84.62,84.62,0
PKO029,20150824,81.79,81.79,81.79,81.79,0
PKO029,20150825,82.93,82.93,82.93,82.93,0
PKO029,20150826,83.11,83.11,83.11,83.11,0
PKO029,20150827,84.71,84.71,84.71,84.71,0
PKO029,20150828,84.88,84.88,84.88,84.88,0
PKO029,20150831,85.15,85.15,85.15,85.15,0
PKO029,20150901,83.75,83.75,83.75,83.75,0
PKO029,20150902,83.82,83.82,83.82,83.82,0
PKO029,20150903,84.25,84.25,84.25,84.25,0
PKO029,20150904,83.50,83.50,83.50,83.50,0
PKO029,20150907,83.51,83.51,83.51,83.51,0
PKO029,20150908,83.81,83.81,83.81,83.81,0
PKO029,20150909,84.59,84.59,84.59,84.59,0
PKO029,20150910,84.18,84.18,84.18,84.18,0
PKO029,20150911,84.08,84.08,84.08,84.08,0
PKO029,20150914,83.78,83.78,83.78,83.78,0
PKO029,20150915,84.03,84.03,84.03,84.03,0
PKO029,20150916,84.51,84.51,84.51,84.51,0
PKO029,20150917,84.71,84.71,84.71,84.71,0
PKO029,20150918,84.40,84.40,84.40,84.40,0
PKO029,20150921,84.45,84.45,84.45,84.45,0
PKO029,20150922,83.40,83.40,83.40,83.40,0
PKO029,20150923,83.05,83.05,83.05,83.05,0
PKO029,20150924,82.28,82.28,82.28,82.28,0
PKO029,20150925,83.07,83.07,83.07,83.07,0
PKO029,20150928,81.80,81.80,81.80,81.80,0
PKO029,20150929,81.27,81.27,81.27,81.27,0
PKO029,20150930,82.22,82.22,82.22,82.22,0
PKO029,20151001,82.13,82.13,82.13,82.13,0
PKO029,20151002,82.49,82.49,82.49,82.49,0
PKO029,20151005,83.56,83.56,83.56,83.56,0
PKO029,20151006,84.32,84.32,84.32,84.32,0
PKO029,20151007,84.43,84.43,84.43,84.43,0
PKO029,20151008,84.97,84.97,84.97,84.97,0
PKO029,20151009,84.96,84.96,84.96,84.96,0
PKO029,20151012,84.84,84.84,84.84,84.84,0
PKO029,20151013,84.01,84.01,84.01,84.01,0
PKO029,20151014,83.84,83.84,83.84,83.84,0
PKO029,20151015,84.54,84.54,84.54,84.54,0
PKO029,20151016,84.48,84.48,84.48,84.48,0
PKO029,20151019,84.42,84.42,84.42,84.42,0
PKO029,20151020,84.69,84.69,84.69,84.69,0
PKO029,20151021,85.02,85.02,85.02,85.02,0
PKO029,20151022,85.23,85.23,85.23,85.23,0
PKO029,20151023,86.01,86.01,86.01,86.01,0
PKO029,20151026,86.24,86.24,86.24,86.24,0
PKO029,20151027,85.89,85.89,85.89,85.89,0
PKO029,20151028,86.30,86.30,86.30,86.30,0
PKO029,20151029,86.15,86.15,86.15,86.15,0
PKO029,20151030,86.56,86.56,86.56,86.56,0
PKO029,20151102,86.75,86.75,86.75,86.75,0
PKO029,20151103,86.49,86.49,86.49,86.49,0
PKO029,20151104,86.71,86.71,86.71,86.71,0
PKO029,20151105,86.80,86.80,86.80,86.80,0
PKO029,20151106,86.80,86.80,86.80,86.80,0
PKO029,20151109,86.13,86.13,86.13,86.13,0
PKO029,20151110,86.03,86.03,86.03,86.03,0
PKO029,20151112,85.93,85.93,85.93,85.93,0
PKO029,20151113,85.50,85.50,85.50,85.50,0
PKO029,20151116,85.71,85.71,85.71,85.71,0
PKO029,20151117,86.19,86.19,86.19,86.19,0
PKO029,20151118,86.56,86.56,86.56,86.56,0
PKO029,20151119,86.73,86.73,86.73,86.73,0
PKO029,20151120,86.90,86.90,86.90,86.90,0
PKO029,20151123,86.76,86.76,86.76,86.76,0
PKO029,20151124,86.32,86.32,86.32,86.32,0
PKO029,20151125,86.67,86.67,86.67,86.67,0
PKO029,20151126,86.53,86.53,86.53,86.53,0
PKO029,20151127,86.78,86.78,86.78,86.78,0
PKO029,20151130,87.07,87.07,87.07,87.07,0
PKO029,20151201,87.01,87.01,87.01,87.01,0
PKO029,20151202,86.85,86.85,86.85,86.85,0
PKO029,20151203,86.41,86.41,86.41,86.41,0
PKO029,20151204,85.99,85.99,85.99,85.99,0
PKO029,20151207,85.97,85.97,85.97,85.97,0
PKO029,20151208,85.33,85.33,85.33,85.33,0
PKO029,20151209,84.78,84.78,84.78,84.78,0
PKO029,20151210,84.50,84.50,84.50,84.50,0
PKO029,20151211,83.54,83.54,83.54,83.54,0
PKO029,20151214,82.55,82.55,82.55,82.55,0
PKO029,20151215,81.79,81.79,81.79,81.79,0
PKO029,20151216,82.11,82.11,82.11,82.11,0
PKO029,20151217,82.93,82.93,82.93,82.93,0
PKO029,20151218,82.58,82.58,82.58,82.58,0
PKO029,20151221,82.21,82.21,82.21,82.21,0
PKO029,20151222,82.43,82.43,82.43,82.43,0
PKO029,20151223,82.93,82.93,82.93,82.93,0
PKO029,20151228,82.80,82.80,82.80,82.80,0
PKO029,20151229,83.19,83.19,83.19,83.19,0
PKO029,20151230,83.17,83.17,83.17,83.17,0
PKO029,20160104,82.05,82.05,82.05,82.05,0
PKO029,20160105,82.16,82.16,82.16,82.16,0
PKO029,20160107,80.43,80.43,80.43,80.43,0
PKO029,20160108,79.99,79.99,79.99,79.99,0
PKO029,20160111,79.61,79.61,79.61,79.61,0
PKO029,20160112,80.09,80.09,80.09,80.09,0
PKO029,20160113,79.75,79.75,79.75,79.75,0
PKO029,20160114,79.17,79.17,79.17,79.17,0
PKO029,20160115,77.98,77.98,77.98,77.98,0
PKO029,20160118,77.38,77.38,77.38,77.38,0
PKO029,20160119,77.99,77.99,77.99,77.99,0
PKO029,20160120,76.47,76.47,76.47,76.47,0
PKO029,20160121,76.72,76.72,76.72,76.72,0
PKO029,20160122,77.59,77.59,77.59,77.59,0
PKO029,20160125,77.35,77.35,77.35,77.35,0
PKO029,20160126,77.49,77.49,77.49,77.49,0
PKO029,20160127,77.59,77.59,77.59,77.59,0
PKO029,20160128,77.81,77.81,77.81,77.81,0
PKO029,20160129,78.37,78.37,78.37,78.37,0
PKO029,20160201,78.65,78.65,78.65,78.65,0
PKO029,20160202,77.71,77.71,77.71,77.71,0
PKO029,20160203,77.41,77.41,77.41,77.41,0
PKO029,20160204,77.45,77.45,77.45,77.45,0
PKO029,20160205,77.01,77.01,77.01,77.01,0
PKO029,20160208,74.91,74.91,74.91,74.91,0
PKO029,20160209,74.55,74.55,74.55,74.55,0
PKO029,20160210,75.59,75.59,75.59,75.59,0
