Name,Date,Open,High,Low,Close,Volume
PKO909,20150519,100.00,100.00,100.00,100.00,0
PKO909,20150520,99.63,99.63,99.63,99.63,0
PKO909,20150521,99.23,99.23,99.23,99.23,0
PKO909,20150522,99.10,99.10,99.10,99.10,0
PKO909,20150525,98.51,98.51,98.51,98.51,0
PKO909,20150526,96.54,96.54,96.54,96.54,0
PKO909,20150527,96.78,96.78,96.78,96.78,0
PKO909,20150528,97.36,97.36,97.36,97.36,0
PKO909,20150529,97.25,97.25,97.25,97.25,0
PKO909,20150601,97.39,97.39,97.39,97.39,0
PKO909,20150602,98.41,98.41,98.41,98.41,0
PKO909,20150603,96.68,96.68,96.68,96.68,0
PKO909,20150605,94.72,94.72,94.72,94.72,0
PKO909,20150608,96.80,96.80,96.80,96.80,0
PKO909,20150609,95.39,95.39,95.39,95.39,0
PKO909,20150610,96.20,96.20,96.20,96.20,0
PKO909,20150611,95.29,95.29,95.29,95.29,0
PKO909,20150612,95.29,95.29,95.29,95.29,0
PKO909,20150615,94.94,94.94,94.94,94.94,0
PKO909,20150616,94.48,94.48,94.48,94.48,0
PKO909,20150617,96.41,96.41,96.41,96.41,0
PKO909,20150618,98.24,98.24,98.24,98.24,0
PKO909,20150619,96.43,96.43,96.43,96.43,0
PKO909,20150622,94.62,94.62,94.62,94.62,0
PKO909,20150623,94.85,94.85,94.85,94.85,0
PKO909,20150624,94.91,94.91,94.91,94.91,0
PKO909,20150625,93.98,93.98,93.98,93.98,0
PKO909,20150626,93.27,93.27,93.27,93.27,0
PKO909,20150629,93.79,93.79,93.79,93.79,0
PKO909,20150630,91.95,91.95,91.95,91.95,0
PKO909,20150701,90.62,90.62,90.62,90.62,0
PKO909,20150702,90.45,90.45,90.45,90.45,0
PKO909,20150703,90.89,90.89,90.89,90.89,0
PKO909,20150706,92.80,92.80,92.80,92.80,0
PKO909,20150707,88.98,88.98,88.98,88.98,0
PKO909,20150708,87.56,87.56,87.56,87.56,0
PKO909,20150709,87.33,87.33,87.33,87.33,0
PKO909,20150710,86.59,86.59,86.59,86.59,0
PKO909,20150713,86.70,86.70,86.70,86.70,0
PKO909,20150714,86.59,86.59,86.59,86.59,0
PKO909,20150715,84.94,84.94,84.94,84.94,0
PKO909,20150716,83.93,83.93,83.93,83.93,0
PKO909,20150717,79.54,79.54,79.54,79.54,0
PKO909,20150720,71.67,71.67,71.67,71.67,0
PKO909,20150721,72.92,72.92,72.92,72.92,0
PKO909,20150722,72.63,72.63,72.63,72.63,0
PKO909,20150723,70.20,70.20,70.20,70.20,0
PKO909,20150724,73.16,73.16,73.16,73.16,0
PKO909,20150727,70.31,70.31,70.31,70.31,0
PKO909,20150728,71.40,71.40,71.40,71.40,0
PKO909,20150729,73.45,73.45,73.45,73.45,0
PKO909,20150730,71.23,71.23,71.23,71.23,0
PKO909,20150731,72.90,72.90,72.90,72.90,0
PKO909,20150803,70.93,70.93,70.93,70.93,0
PKO909,20150804,70.27,70.27,70.27,70.27,0
PKO909,20150805,68.50,68.50,68.50,68.50,0
PKO909,20150806,70.30,70.30,70.30,70.30,0
PKO909,20150807,70.54,70.54,70.54,70.54,0
PKO909,20150810,73.48,73.48,73.48,73.48,0
PKO909,20150811,75.36,75.36,75.36,75.36,0
PKO909,20150812,78.94,78.94,78.94,78.94,0
PKO909,20150813,76.91,76.91,76.91,76.91,0
PKO909,20150814,75.63,75.63,75.63,75.63,0
PKO909,20150817,77.70,77.70,77.70,77.70,0
PKO909,20150818,76.69,76.69,76.69,76.69,0
PKO909,20150819,79.54,79.54,79.54,79.54,0
PKO909,20150820,82.09,82.09,82.09,82.09,0
PKO909,20150821,80.56,80.56,80.56,80.56,0
PKO909,20150824,75.39,75.39,75.39,75.39,0
PKO909,20150825,73.56,73.56,73.56,73.56,0
PKO909,20150826,69.99,69.99,69.99,69.99,0
PKO909,20150827,72.52,72.52,72.52,72.52,0
PKO909,20150828,75.13,75.13,75.13,75.13,0
PKO909,20150831,73.61,73.61,73.61,73.61,0
PKO909,20150901,72.73,72.73,72.73,72.73,0
PKO909,20150902,72.08,72.08,72.08,72.08,0
PKO909,20150903,70.94,70.94,70.94,70.94,0
PKO909,20150904,70.92,70.92,70.92,70.92,0
PKO909,20150907,70.90,70.90,70.90,70.90,0
PKO909,20150908,71.50,71.50,71.50,71.50,0
PKO909,20150909,70.07,70.07,70.07,70.07,0
PKO909,20150910,69.97,69.97,69.97,69.97,0
PKO909,20150911,70.66,70.66,70.66,70.66,0
PKO909,20150914,70.09,70.09,70.09,70.09,0
PKO909,20150915,70.08,70.08,70.08,70.08,0
PKO909,20150916,73.33,73.33,73.33,73.33,0
PKO909,20150917,75.11,75.11,75.11,75.11,0
PKO909,20150918,76.45,76.45,76.45,76.45,0
PKO909,20151005,78.96,78.96,78.96,78.96,0
PKO909,20151006,81.40,81.40,81.40,81.40,0
PKO909,20151007,81.02,81.02,81.02,81.02,0
PKO909,20151008,80.27,80.27,80.27,80.27,0
PKO909,20151009,83.47,83.47,83.47,83.47,0
PKO909,20151012,82.10,82.10,82.10,82.10,0
PKO909,20151013,81.30,81.30,81.30,81.30,0
PKO909,20151014,86.39,86.39,86.39,86.39,0
PKO909,20151015,86.73,86.73,86.73,86.73,0
PKO909,20151016,84.37,84.37,84.37,84.37,0
PKO909,20151019,81.30,81.30,81.30,81.30,0
PKO909,20151020,83.85,83.85,83.85,83.85,0
PKO909,20151021,81.69,81.69,81.69,81.69,0
PKO909,20151022,83.16,83.16,83.16,83.16,0
PKO909,20151023,85.10,85.10,85.10,85.10,0
PKO909,20151026,82.56,82.56,82.56,82.56,0
PKO909,20151027,82.77,82.77,82.77,82.77,0
PKO909,20151028,82.21,82.21,82.21,82.21,0
PKO909,20151029,79.04,79.04,79.04,79.04,0
PKO909,20151030,78.63,78.63,78.63,78.63,0
PKO909,20151102,78.70,78.70,78.70,78.70,0
PKO909,20151103,78.35,78.35,78.35,78.35,0
PKO909,20151104,76.89,76.89,76.89,76.89,0
PKO909,20151105,73.79,73.79,73.79,73.79,0
PKO909,20151106,70.92,70.92,70.92,70.92,0
PKO909,20151109,71.98,71.98,71.98,71.98,0
PKO909,20151110,70.89,70.89,70.89,70.89,0
PKO909,20151112,70.96,70.96,70.96,70.96,0
PKO909,20151113,71.58,71.58,71.58,71.58,0
PKO909,20151116,72.01,72.01,72.01,72.01,0
PKO909,20151117,69.05,69.05,69.05,69.05,0
PKO909,20151118,71.28,71.28,71.28,71.28,0
PKO909,20151119,73.20,73.20,73.20,73.20,0
PKO909,20151120,70.82,70.82,70.82,70.82,0
PKO909,20151123,69.98,69.98,69.98,69.98,0
PKO909,20151124,71.99,71.99,71.99,71.99,0
PKO909,20151125,71.83,71.83,71.83,71.83,0
PKO909,20151126,72.29,72.29,72.29,72.29,0
PKO909,20151127,70.84,70.84,70.84,70.84,0
PKO909,20151130,72.29,72.29,72.29,72.29,0
PKO909,20151201,74.26,74.26,74.26,74.26,0
PKO909,20151202,73.02,73.02,73.02,73.02,0
PKO909,20151203,74.02,74.02,74.02,74.02,0
PKO909,20151204,77.90,77.90,77.90,77.90,0
PKO909,20151207,74.84,74.84,74.84,74.84,0
PKO909,20151208,74.22,74.22,74.22,74.22,0
PKO909,20151209,74.78,74.78,74.78,74.78,0
PKO909,20151210,74.94,74.94,74.94,74.94,0
PKO909,20151211,75.51,75.51,75.51,75.51,0
PKO909,20151214,71.01,71.01,71.01,71.01,0
PKO909,20151215,71.49,71.49,71.49,71.49,0
PKO909,20151216,73.82,73.82,73.82,73.82,0
PKO909,20151217,69.91,69.91,69.91,69.91,0
PKO909,20151218,71.30,71.30,71.30,71.30,0
PKO909,20151221,72.62,72.62,72.62,72.62,0
PKO909,20151222,72.38,72.38,72.38,72.38,0
PKO909,20151223,73.47,73.47,73.47,73.47,0
PKO909,20151228,73.85,73.85,73.85,73.85,0
PKO909,20151229,72.86,72.86,72.86,72.86,0
PKO909,20151230,71.85,71.85,71.85,71.85,0
PKO909,20160104,74.14,74.14,74.14,74.14,0
PKO909,20160105,73.78,73.78,73.78,73.78,0
PKO909,20160107,78.71,78.71,78.71,78.71,0
PKO909,20160108,77.26,77.26,77.26,77.26,0
PKO909,20160111,74.47,74.47,74.47,74.47,0
PKO909,20160112,72.43,72.43,72.43,72.43,0
PKO909,20160113,72.96,72.96,72.96,72.96,0
PKO909,20160114,70.20,70.20,70.20,70.20,0
PKO909,20160115,70.23,70.23,70.23,70.23,0
PKO909,20160118,69.94,69.94,69.94,69.94,0
PKO909,20160119,67.09,67.09,67.09,67.09,0
PKO909,20160120,67.57,67.57,67.57,67.57,0
PKO909,20160121,68.11,68.11,68.11,68.11,0
PKO909,20160122,69.29,69.29,69.29,69.29,0
PKO909,20160125,71.57,71.57,71.57,71.57,0
PKO909,20160126,74.10,74.10,74.10,74.10,0
PKO909,20160127,75.41,75.41,75.41,75.41,0
PKO909,20160128,74.08,74.08,74.08,74.08,0
PKO909,20160129,76.57,76.57,76.57,76.57,0
PKO909,20160201,78.08,78.08,78.08,78.08,0
PKO909,20160202,77.28,77.28,77.28,77.28,0
PKO909,20160203,81.25,81.25,81.25,81.25,0
PKO909,20160204,84.98,84.98,84.98,84.98,0
PKO909,20160205,88.80,88.80,88.80,88.80,0
PKO909,20160208,90.91,90.91,90.91,90.91,0
PKO909,20160209,87.97,87.97,87.97,87.97,0
PKO909,20160210,88.47,88.47,88.47,88.47,0
