Name,Date,Open,High,Low,Close,Volume
PZU011,20101230,100.10,100.10,100.10,100.10,0
PZU011,20101231,99.88,99.88,99.88,99.88,0
PZU011,20110103,100.92,100.92,100.92,100.92,0
PZU011,20110104,100.11,100.11,100.11,100.11,0
PZU011,20110105,98.81,98.81,98.81,98.81,0
PZU011,20110107,98.32,98.32,98.32,98.32,0
PZU011,20110110,97.33,97.33,97.33,97.33,0
PZU011,20110111,97.79,97.79,97.79,97.79,0
PZU011,20110112,99.12,99.12,99.12,99.12,0
PZU011,20110113,99.27,99.27,99.27,99.27,0
PZU011,20110114,99.02,99.02,99.02,99.02,0
PZU011,20110117,99.38,99.38,99.38,99.38,0
PZU011,20110118,101.10,101.10,101.10,101.10,0
PZU011,20110119,100.08,100.08,100.08,100.08,0
PZU011,20110120,99.41,99.41,99.41,99.41,0
PZU011,20110121,99.83,99.83,99.83,99.83,0
PZU011,20110124,99.23,99.23,99.23,99.23,0
PZU011,20110125,98.91,98.91,98.91,98.91,0
PZU011,20110126,99.45,99.45,99.45,99.45,0
PZU011,20110127,99.68,99.68,99.68,99.68,0
PZU011,20110128,99.01,99.01,99.01,99.01,0
PZU011,20110131,98.62,98.62,98.62,98.62,0
PZU011,20110201,99.38,99.38,99.38,99.38,0
PZU011,20110202,99.27,99.27,99.27,99.27,0
PZU011,20110203,99.38,99.38,99.38,99.38,0
PZU011,20110204,99.78,99.78,99.78,99.78,0
PZU011,20110207,99.72,99.72,99.72,99.72,0
PZU011,20110208,99.60,99.60,99.60,99.60,0
PZU011,20110209,99.51,99.51,99.51,99.51,0
PZU011,20110210,98.43,98.43,98.43,98.43,0
PZU011,20110211,98.98,98.98,98.98,98.98,0
PZU011,20110214,98.77,98.77,98.77,98.77,0
PZU011,20110215,98.65,98.65,98.65,98.65,0
PZU011,20110216,98.33,98.33,98.33,98.33,0
PZU011,20110217,97.13,97.13,97.13,97.13,0
PZU011,20110218,97.49,97.49,97.49,97.49,0
PZU011,20110221,97.35,97.35,97.35,97.35,0
PZU011,20110222,97.02,97.02,97.02,97.02,0
PZU011,20110223,97.47,97.47,97.47,97.47,0
PZU011,20110224,97.01,97.01,97.01,97.01,0
PZU011,20110225,97.67,97.67,97.67,97.67,0
PZU011,20110228,98.92,98.92,98.92,98.92,0
PZU011,20110301,98.08,98.08,98.08,98.08,0
PZU011,20110302,98.39,98.39,98.39,98.39,0
PZU011,20110303,99.71,99.71,99.71,99.71,0
PZU011,20110304,100.10,100.10,100.10,100.10,0
PZU011,20110307,100.10,100.10,100.10,100.10,0
PZU011,20110308,100.33,100.33,100.33,100.33,0
PZU011,20110309,100.01,100.01,100.01,100.01,0
PZU011,20110310,99.46,99.46,99.46,99.46,0
PZU011,20110311,99.12,99.12,99.12,99.12,0
PZU011,20110314,99.13,99.13,99.13,99.13,0
PZU011,20110315,98.61,98.61,98.61,98.61,0
PZU011,20110316,97.84,97.84,97.84,97.84,0
PZU011,20110317,98.93,98.93,98.93,98.93,0
PZU011,20110318,99.68,99.68,99.68,99.68,0
PZU011,20110321,100.04,100.04,100.04,100.04,0
PZU011,20110322,99.50,99.50,99.50,99.50,0
PZU011,20110323,99.56,99.56,99.56,99.56,0
PZU011,20110324,99.85,99.85,99.85,99.85,0
PZU011,20110325,100.57,100.57,100.57,100.57,0
PZU011,20110328,100.94,100.94,100.94,100.94,0
PZU011,20110329,100.66,100.66,100.66,100.66,0
PZU011,20110330,100.61,100.61,100.61,100.61,0
PZU011,20110331,100.92,100.92,100.92,100.92,0
PZU011,20110401,102.14,102.14,102.14,102.14,0
PZU011,20110404,102.17,102.17,102.17,102.17,0
PZU011,20110405,102.32,102.32,102.32,102.32,0
PZU011,20110406,103.43,103.43,103.43,103.43,0
PZU011,20110407,103.43,103.43,103.43,103.43,0
PZU011,20110408,102.66,102.66,102.66,102.66,0
PZU011,20110411,102.58,102.58,102.58,102.58,0
PZU011,20110412,102.14,102.14,102.14,102.14,0
PZU011,20110413,102.76,102.76,102.76,102.76,0
PZU011,20110414,102.47,102.47,102.47,102.47,0
PZU011,20110415,102.67,102.67,102.67,102.67,0
PZU011,20110418,101.48,101.48,101.48,101.48,0
PZU011,20110419,101.68,101.68,101.68,101.68,0
PZU011,20110420,102.17,102.17,102.17,102.17,0
PZU011,20110421,101.95,101.95,101.95,101.95,0
PZU011,20110426,102.24,102.24,102.24,102.24,0
PZU011,20110427,102.01,102.01,102.01,102.01,0
PZU011,20110428,102.12,102.12,102.12,102.12,0
PZU011,20110429,101.88,101.88,101.88,101.88,0
PZU011,20110502,102.18,102.18,102.18,102.18,0
PZU011,20110504,100.98,100.98,100.98,100.98,0
PZU011,20110505,100.52,100.52,100.52,100.52,0
PZU011,20110506,100.76,100.76,100.76,100.76,0
PZU011,20110509,99.88,99.88,99.88,99.88,0
PZU011,20110510,100.72,100.72,100.72,100.72,0
PZU011,20110511,100.52,100.52,100.52,100.52,0
PZU011,20110512,99.82,99.82,99.82,99.82,0
PZU011,20110513,99.81,99.81,99.81,99.81,0
PZU011,20110516,100.26,100.26,100.26,100.26,0
PZU011,20110517,98.92,98.92,98.92,98.92,0
PZU011,20110518,99.20,99.20,99.20,99.20,0
PZU011,20110519,99.67,99.67,99.67,99.67,0
PZU011,20110520,99.87,99.87,99.87,99.87,0
PZU011,20110523,99.36,99.36,99.36,99.36,0
PZU011,20110524,99.63,99.63,99.63,99.63,0
PZU011,20110525,100.46,100.46,100.46,100.46,0
PZU011,20110526,100.46,100.46,100.46,100.46,0
PZU011,20110527,100.80,100.80,100.80,100.80,0
PZU011,20110530,100.98,100.98,100.98,100.98,0
PZU011,20110531,101.90,101.90,101.90,101.90,0
PZU011,20110601,101.62,101.62,101.62,101.62,0
PZU011,20110602,101.38,101.38,101.38,101.38,0
PZU011,20110603,100.98,100.98,100.98,100.98,0
PZU011,20110606,100.42,100.42,100.42,100.42,0
PZU011,20110607,101.06,101.06,101.06,101.06,0
PZU011,20110608,100.78,100.78,100.78,100.78,0
PZU011,20110609,100.46,100.46,100.46,100.46,0
PZU011,20110610,99.94,99.94,99.94,99.94,0
PZU011,20110613,100.12,100.12,100.12,100.12,0
PZU011,20110614,100.59,100.59,100.59,100.59,0
PZU011,20110615,100.21,100.21,100.21,100.21,0
PZU011,20110616,100.51,100.51,100.51,100.51,0
PZU011,20110617,100.51,100.51,100.51,100.51,0
PZU011,20110621,99.75,99.75,99.75,99.75,0
PZU011,20110622,99.05,99.05,99.05,99.05,0
PZU011,20110624,98.82,98.82,98.82,98.82,0
PZU011,20110627,98.06,98.06,98.06,98.06,0
PZU011,20110628,97.99,97.99,97.99,97.99,0
PZU011,20110629,98.85,98.85,98.85,98.85,0
PZU011,20110630,98.64,98.64,98.64,98.64,0
PZU011,20110701,98.97,98.97,98.97,98.97,0
PZU011,20110704,98.70,98.70,98.70,98.70,0
PZU011,20110705,98.90,98.90,98.90,98.90,0
PZU011,20110706,98.23,98.23,98.23,98.23,0
PZU011,20110707,99.95,99.95,99.95,99.95,0
PZU011,20110708,99.20,99.20,99.20,99.20,0
PZU011,20110711,97.71,97.71,97.71,97.71,0
PZU011,20110712,97.22,97.22,97.22,97.22,0
PZU011,20110713,98.09,98.09,98.09,98.09,0
PZU011,20110714,97.33,97.33,97.33,97.33,0
PZU011,20110715,97.36,97.36,97.36,97.36,0
PZU011,20110718,95.36,95.36,95.36,95.36,0
PZU011,20110719,95.10,95.10,95.10,95.10,0
PZU011,20110720,95.46,95.46,95.46,95.46,0
PZU011,20110721,96.47,96.47,96.47,96.47,0
PZU011,20110722,96.79,96.79,96.79,96.79,0
PZU011,20110725,96.44,96.44,96.44,96.44,0
PZU011,20110726,96.15,96.15,96.15,96.15,0
PZU011,20110727,95.16,95.16,95.16,95.16,0
PZU011,20110728,96.05,96.05,96.05,96.05,0
PZU011,20110729,96.27,96.27,96.27,96.27,0
PZU011,20110801,95.69,95.69,95.69,95.69,0
PZU011,20110802,94.78,94.78,94.78,94.78,0
PZU011,20110803,91.33,91.33,91.33,91.33,0
PZU011,20110804,88.14,88.14,88.14,88.14,0
PZU011,20110805,86.35,86.35,86.35,86.35,0
PZU011,20110808,83.33,83.33,83.33,83.33,0
PZU011,20110809,80.05,80.05,80.05,80.05,0
PZU011,20110810,76.57,76.57,76.57,76.57,0
PZU011,20110811,79.83,79.83,79.83,79.83,0
PZU011,20110812,81.90,81.90,81.90,81.90,0
PZU011,20110816,83.70,83.70,83.70,83.70,0
PZU011,20110817,84.09,84.09,84.09,84.09,0
PZU011,20110818,79.41,79.41,79.41,79.41,0
PZU011,20110819,79.36,79.36,79.36,79.36,0
PZU011,20110822,80.81,80.81,80.81,80.81,0
PZU011,20110823,80.75,80.75,80.75,80.75,0
PZU011,20110824,80.78,80.78,80.78,80.78,0
PZU011,20110825,81.19,81.19,81.19,81.19,0
PZU011,20110826,80.83,80.83,80.83,80.83,0
PZU011,20110829,82.68,82.68,82.68,82.68,0
PZU011,20110830,83.74,83.74,83.74,83.74,0
PZU011,20110831,85.54,85.54,85.54,85.54,0
PZU011,20110901,84.21,84.21,84.21,84.21,0
PZU011,20110902,82.28,82.28,82.28,82.28,0
PZU011,20110905,79.09,79.09,79.09,79.09,0
PZU011,20110906,79.38,79.38,79.38,79.38,0
PZU011,20110907,81.61,81.61,81.61,81.61,0
PZU011,20110908,81.38,81.38,81.38,81.38,0
PZU011,20110909,78.39,78.39,78.39,78.39,0
PZU011,20110912,76.02,76.02,76.02,76.02,0
PZU011,20110913,76.40,76.40,76.40,76.40,0
PZU011,20110914,76.65,76.65,76.65,76.65,0
PZU011,20110915,78.65,78.65,78.65,78.65,0
PZU011,20110916,79.18,79.18,79.18,79.18,0
PZU011,20110919,78.02,78.02,78.02,78.02,0
PZU011,20110920,78.90,78.90,78.90,78.90,0
PZU011,20110921,79.30,79.30,79.30,79.30,0
PZU011,20110922,75.01,75.01,75.01,75.01,0
PZU011,20110923,74.21,74.21,74.21,74.21,0
PZU011,20110926,74.68,74.68,74.68,74.68,0
PZU011,20110927,76.91,76.91,76.91,76.91,0
PZU011,20110928,76.80,76.80,76.80,76.80,0
PZU011,20110929,77.22,77.22,77.22,77.22,0
PZU011,20110930,77.37,77.37,77.37,77.37,0
PZU011,20111003,76.32,76.32,76.32,76.32,0
PZU011,20111004,74.68,74.68,74.68,74.68,0
PZU011,20111005,76.06,76.06,76.06,76.06,0
PZU011,20111006,76.75,76.75,76.75,76.75,0
PZU011,20111007,77.20,77.20,77.20,77.20,0
PZU011,20111011,79.33,79.33,79.33,79.33,0
PZU011,20111012,80.85,80.85,80.85,80.85,0
PZU011,20111013,79.74,79.74,79.74,79.74,0
PZU011,20111014,80.35,80.35,80.35,80.35,0
PZU011,20111017,80.01,80.01,80.01,80.01,0
PZU011,20111018,80.04,80.04,80.04,80.04,0
PZU011,20111019,80.26,80.26,80.26,80.26,0
PZU011,20111020,78.43,78.43,78.43,78.43,0
PZU011,20111021,80.67,80.67,80.67,80.67,0
PZU011,20111024,82.44,82.44,82.44,82.44,0
PZU011,20111025,81.85,81.85,81.85,81.85,0
PZU011,20111026,81.53,81.53,81.53,81.53,0
PZU011,20111027,83.45,83.45,83.45,83.45,0
PZU011,20111028,83.50,83.50,83.50,83.50,0
PZU011,20111031,82.54,82.54,82.54,82.54,0
PZU011,20111102,81.75,81.75,81.75,81.75,0
PZU011,20111103,82.63,82.63,82.63,82.63,0
PZU011,20111104,81.98,81.98,81.98,81.98,0
PZU011,20111107,82.17,82.17,82.17,82.17,0
PZU011,20111108,82.42,82.42,82.42,82.42,0
PZU011,20111109,80.53,80.53,80.53,80.53,0
PZU011,20111110,79.76,79.76,79.76,79.76,0
PZU011,20111114,80.23,80.23,80.23,80.23,0
PZU011,20111115,79.85,79.85,79.85,79.85,0
PZU011,20111116,80.35,80.35,80.35,80.35,0
PZU011,20111117,79.46,79.46,79.46,79.46,0
PZU011,20111118,78.46,78.46,78.46,78.46,0
PZU011,20111121,76.79,76.79,76.79,76.79,0
PZU011,20111122,76.72,76.72,76.72,76.72,0
PZU011,20111123,75.55,75.55,75.55,75.55,0
PZU011,20111124,75.90,75.90,75.90,75.90,0
PZU011,20111125,75.85,75.85,75.85,75.85,0
PZU011,20111128,77.24,77.24,77.24,77.24,0
PZU011,20111129,76.59,76.59,76.59,76.59,0
PZU011,20111130,79.49,79.49,79.49,79.49,0
PZU011,20111201,79.03,79.03,79.03,79.03,0
PZU011,20111202,79.02,79.02,79.02,79.02,0
PZU011,20111205,79.66,79.66,79.66,79.66,0
PZU011,20111206,78.56,78.56,78.56,78.56,0
PZU011,20111207,78.79,78.79,78.79,78.79,0
PZU011,20111208,77.72,77.72,77.72,77.72,0
PZU011,20111209,77.97,77.97,77.97,77.97,0
PZU011,20111212,76.49,76.49,76.49,76.49,0
PZU011,20111213,76.78,76.78,76.78,76.78,0
PZU011,20111214,76.35,76.35,76.35,76.35,0
PZU011,20111215,76.17,76.17,76.17,76.17,0
PZU011,20111216,75.12,75.12,75.12,75.12,0
PZU011,20111219,74.66,74.66,74.66,74.66,0
PZU011,20111220,75.32,75.32,75.32,75.32,0
PZU011,20111221,76.05,76.05,76.05,76.05,0
PZU011,20111222,75.90,75.90,75.90,75.90,0
PZU011,20111223,76.35,76.35,76.35,76.35,0
PZU011,20111227,76.47,76.47,76.47,76.47,0
PZU011,20111228,76.03,76.03,76.03,76.03,0
PZU011,20111229,76.52,76.52,76.52,76.52,0
PZU011,20111230,76.12,76.12,76.12,76.12,0
PZU011,20120102,77.14,77.14,77.14,77.14,0
PZU011,20120103,77.49,77.49,77.49,77.49,0
PZU011,20120104,76.85,76.85,76.85,76.85,0
PZU011,20120105,76.06,76.06,76.06,76.06,0
PZU011,20120109,75.47,75.47,75.47,75.47,0
PZU011,20120110,75.81,75.81,75.81,75.81,0
PZU011,20120111,75.49,75.49,75.49,75.49,0
PZU011,20120112,76.45,76.45,76.45,76.45,0
PZU011,20120113,76.21,76.21,76.21,76.21,0
PZU011,20120116,76.65,76.65,76.65,76.65,0
PZU011,20120117,77.47,77.47,77.47,77.47,0
PZU011,20120118,77.99,77.99,77.99,77.99,0
PZU011,20120119,78.47,78.47,78.47,78.47,0
PZU011,20120120,78.92,78.92,78.92,78.92,0
PZU011,20120123,79.14,79.14,79.14,79.14,0
PZU011,20120124,79.15,79.15,79.15,79.15,0
PZU011,20120125,79.01,79.01,79.01,79.01,0
PZU011,20120126,80.44,80.44,80.44,80.44,0
PZU011,20120127,80.49,80.49,80.49,80.49,0
PZU011,20120130,80.57,80.57,80.57,80.57,0
PZU011,20120131,81.12,81.12,81.12,81.12,0
PZU011,20120201,81.92,81.92,81.92,81.92,0
PZU011,20120202,82.13,82.13,82.13,82.13,0
PZU011,20120203,82.41,82.41,82.41,82.41,0
PZU011,20120206,83.11,83.11,83.11,83.11,0
PZU011,20120207,82.70,82.70,82.70,82.70,0
PZU011,20120208,82.88,82.88,82.88,82.88,0
PZU011,20120209,82.39,82.39,82.39,82.39,0
PZU011,20120210,81.62,81.62,81.62,81.62,0
PZU011,20120213,82.23,82.23,82.23,82.23,0
PZU011,20120214,81.99,81.99,81.99,81.99,0
PZU011,20120215,82.37,82.37,82.37,82.37,0
PZU011,20120216,82.04,82.04,82.04,82.04,0
PZU011,20120217,83.10,83.10,83.10,83.10,0
PZU011,20120220,82.71,82.71,82.71,82.71,0
PZU011,20120221,82.79,82.79,82.79,82.79,0
PZU011,20120222,82.12,82.12,82.12,82.12,0
PZU011,20120223,81.36,81.36,81.36,81.36,0
PZU011,20120224,81.83,81.83,81.83,81.83,0
PZU011,20120227,81.73,81.73,81.73,81.73,0
PZU011,20120228,82.02,82.02,82.02,82.02,0
PZU011,20120229,81.95,81.95,81.95,81.95,0
PZU011,20120301,81.73,81.73,81.73,81.73,0
PZU011,20120302,81.83,81.83,81.83,81.83,0
PZU011,20120305,80.98,80.98,80.98,80.98,0
PZU011,20120306,79.92,79.92,79.92,79.92,0
PZU011,20120307,80.34,80.34,80.34,80.34,0
PZU011,20120308,81.06,81.06,81.06,81.06,0
PZU011,20120309,80.72,80.72,80.72,80.72,0
PZU011,20120312,80.78,80.78,80.78,80.78,0
PZU011,20120313,81.04,81.04,81.04,81.04,0
PZU011,20120314,82.19,82.19,82.19,82.19,0
PZU011,20120315,82.62,82.62,82.62,82.62,0
PZU011,20120319,82.52,82.52,82.52,82.52,0
PZU011,20120320,81.96,81.96,81.96,81.96,0
PZU011,20120321,81.80,81.80,81.80,81.80,0
PZU011,20120322,80.65,80.65,80.65,80.65,0
PZU011,20120323,81.33,81.33,81.33,81.33,0
PZU011,20120326,81.75,81.75,81.75,81.75,0
PZU011,20120327,82.31,82.31,82.31,82.31,0
PZU011,20120328,82.07,82.07,82.07,82.07,0
PZU011,20120329,81.10,81.10,81.10,81.10,0
PZU011,20120330,81.44,81.44,81.44,81.44,0
PZU011,20120402,81.83,81.83,81.83,81.83,0
PZU011,20120403,81.85,81.85,81.85,81.85,0
PZU011,20120404,80.62,80.62,80.62,80.62,0
PZU011,20120405,80.67,80.67,80.67,80.67,0
PZU011,20120410,79.62,79.62,79.62,79.62,0
PZU011,20120411,80.35,80.35,80.35,80.35,0
PZU011,20120412,81.20,81.20,81.20,81.20,0
PZU011,20120413,80.55,80.55,80.55,80.55,0
PZU011,20120416,80.43,80.43,80.43,80.43,0
PZU011,20120417,80.91,80.91,80.91,80.91,0
PZU011,20120418,80.30,80.30,80.30,80.30,0
PZU011,20120419,79.81,79.81,79.81,79.81,0
PZU011,20120420,79.29,79.29,79.29,79.29,0
PZU011,20120423,77.40,77.40,77.40,77.40,0
PZU011,20120424,77.71,77.71,77.71,77.71,0
PZU011,20120425,77.95,77.95,77.95,77.95,0
PZU011,20120426,78.33,78.33,78.33,78.33,0
PZU011,20120427,79.12,79.12,79.12,79.12,0
PZU011,20120430,79.04,79.04,79.04,79.04,0
PZU011,20120502,78.65,78.65,78.65,78.65,0
PZU011,20120504,78.23,78.23,78.23,78.23,0
PZU011,20120507,78.22,78.22,78.22,78.22,0
PZU011,20120508,77.05,77.05,77.05,77.05,0
PZU011,20120509,76.96,76.96,76.96,76.96,0
PZU011,20120510,77.34,77.34,77.34,77.34,0
PZU011,20120511,77.05,77.05,77.05,77.05,0
PZU011,20120514,75.82,75.82,75.82,75.82,0
PZU011,20120515,75.20,75.20,75.20,75.20,0
PZU011,20120516,75.43,75.43,75.43,75.43,0
PZU011,20120517,73.67,73.67,73.67,73.67,0
PZU011,20120518,73.87,73.87,73.87,73.87,0
PZU011,20120521,74.84,74.84,74.84,74.84,0
PZU011,20120522,75.12,75.12,75.12,75.12,0
PZU011,20120523,73.70,73.70,73.70,73.70,0
PZU011,20120524,73.68,73.68,73.68,73.68,0
PZU011,20120525,73.58,73.58,73.58,73.58,0
PZU011,20120528,74.05,74.05,74.05,74.05,0
PZU011,20120529,75.02,75.02,75.02,75.02,0
PZU011,20120530,74.44,74.44,74.44,74.44,0
PZU011,20120531,75.26,75.26,75.26,75.26,0
PZU011,20120601,74.57,74.57,74.57,74.57,0
PZU011,20120604,74.59,74.59,74.59,74.59,0
PZU011,20120605,73.37,73.37,73.37,73.37,0
PZU011,20120606,75.28,75.28,75.28,75.28,0
PZU011,20120608,76.71,76.71,76.71,76.71,0
PZU011,20120611,77.04,77.04,77.04,77.04,0
PZU011,20120612,78.20,78.20,78.20,78.20,0
PZU011,20120613,78.07,78.07,78.07,78.07,0
PZU011,20120614,77.90,77.90,77.90,77.90,0
PZU011,20120615,78.74,78.74,78.74,78.74,0
PZU011,20120618,78.64,78.64,78.64,78.64,0
PZU011,20120619,79.91,79.91,79.91,79.91,0
PZU011,20120620,79.69,79.69,79.69,79.69,0
PZU011,20120621,79.26,79.26,79.26,79.26,0
PZU011,20120622,79.14,79.14,79.14,79.14,0
PZU011,20120625,78.30,78.30,78.30,78.30,0
PZU011,20120626,79.35,79.35,79.35,79.35,0
PZU011,20120627,79.74,79.74,79.74,79.74,0
PZU011,20120628,79.00,79.00,79.00,79.00,0
PZU011,20120629,80.07,80.07,80.07,80.07,0
PZU011,20120702,79.58,79.58,79.58,79.58,0
PZU011,20120703,79.92,79.92,79.92,79.92,0
PZU011,20120704,79.79,79.79,79.79,79.79,0
PZU011,20120705,80.24,80.24,80.24,80.24,0
PZU011,20120706,79.92,79.92,79.92,79.92,0
PZU011,20120709,79.11,79.11,79.11,79.11,0
PZU011,20120710,79.19,79.19,79.19,79.19,0
PZU011,20120711,78.75,78.75,78.75,78.75,0
PZU011,20120712,78.30,78.30,78.30,78.30,0
PZU011,20120713,79.14,79.14,79.14,79.14,0
PZU011,20120716,79.12,79.12,79.12,79.12,0
PZU011,20120717,79.38,79.38,79.38,79.38,0
PZU011,20120718,79.23,79.23,79.23,79.23,0
PZU011,20120719,79.58,79.58,79.58,79.58,0
PZU011,20120720,78.93,78.93,78.93,78.93,0
PZU011,20120723,76.98,76.98,76.98,76.98,0
PZU011,20120724,77.28,77.28,77.28,77.28,0
PZU011,20120725,77.43,77.43,77.43,77.43,0
PZU011,20120726,77.23,77.23,77.23,77.23,0
PZU011,20120727,78.17,78.17,78.17,78.17,0
PZU011,20120730,78.62,78.62,78.62,78.62,0
PZU011,20120731,78.52,78.52,78.52,78.52,0
PZU011,20120801,78.48,78.48,78.48,78.48,0
PZU011,20120802,78.12,78.12,78.12,78.12,0
PZU011,20120803,79.22,79.22,79.22,79.22,0
PZU011,20120806,80.12,80.12,80.12,80.12,0
PZU011,20120807,80.20,80.20,80.20,80.20,0
PZU011,20120808,80.45,80.45,80.45,80.45,0
PZU011,20120809,81.57,81.57,81.57,81.57,0
PZU011,20120810,81.43,81.43,81.43,81.43,0
PZU011,20120813,81.44,81.44,81.44,81.44,0
PZU011,20120814,81.50,81.50,81.50,81.50,0
PZU011,20120816,82.08,82.08,82.08,82.08,0
PZU011,20120817,81.44,81.44,81.44,81.44,0
PZU011,20120820,81.15,81.15,81.15,81.15,0
PZU011,20120821,81.69,81.69,81.69,81.69,0
PZU011,20120822,81.25,81.25,81.25,81.25,0
PZU011,20120823,81.26,81.26,81.26,81.26,0
PZU011,20120824,81.30,81.30,81.30,81.30,0
PZU011,20120827,81.06,81.06,81.06,81.06,0
PZU011,20120828,80.89,80.89,80.89,80.89,0
PZU011,20120829,80.46,80.46,80.46,80.46,0
PZU011,20120830,80.12,80.12,80.12,80.12,0
PZU011,20120831,80.87,80.87,80.87,80.87,0
PZU011,20120903,81.04,81.04,81.04,81.04,0
PZU011,20120904,80.52,80.52,80.52,80.52,0
PZU011,20120905,80.82,80.82,80.82,80.82,0
PZU011,20120906,81.58,81.58,81.58,81.58,0
PZU011,20120907,81.94,81.94,81.94,81.94,0
PZU011,20120910,82.22,82.22,82.22,82.22,0
PZU011,20120911,82.57,82.57,82.57,82.57,0
PZU011,20120912,82.45,82.45,82.45,82.45,0
PZU011,20120913,82.55,82.55,82.55,82.55,0
PZU011,20120914,83.97,83.97,83.97,83.97,0
PZU011,20120917,83.73,83.73,83.73,83.73,0
PZU011,20120918,83.82,83.82,83.82,83.82,0
PZU011,20120919,84.10,84.10,84.10,84.10,0
PZU011,20120920,83.35,83.35,83.35,83.35,0
PZU011,20120921,83.15,83.15,83.15,83.15,0
PZU011,20120924,82.85,82.85,82.85,82.85,0
PZU011,20120925,83.42,83.42,83.42,83.42,0
PZU011,20120926,82.86,82.86,82.86,82.86,0
PZU011,20120927,83.29,83.29,83.29,83.29,0
PZU011,20120928,83.23,83.23,83.23,83.23,0
PZU011,20121001,83.74,83.74,83.74,83.74,0
PZU011,20121002,83.83,83.83,83.83,83.83,0
PZU011,20121003,83.57,83.57,83.57,83.57,0
PZU011,20121004,83.15,83.15,83.15,83.15,0
PZU011,20121006,84.07,84.07,84.07,84.07,0
PZU011,20121008,83.77,83.77,83.77,83.77,0
PZU011,20121009,83.09,83.09,83.09,83.09,0
PZU011,20121010,83.32,83.32,83.32,83.32,0
PZU011,20121011,83.23,83.23,83.23,83.23,0
PZU011,20121012,82.85,82.85,82.85,82.85,0
PZU011,20121015,82.91,82.91,82.91,82.91,0
PZU011,20121016,83.53,83.53,83.53,83.53,0
PZU011,20121017,83.60,83.60,83.60,83.60,0
PZU011,20121018,83.81,83.81,83.81,83.81,0
PZU011,20121019,82.86,82.86,82.86,82.86,0
PZU011,20121022,82.80,82.80,82.80,82.80,0
PZU011,20121023,81.92,81.92,81.92,81.92,0
PZU011,20121024,82.09,82.09,82.09,82.09,0
PZU011,20121025,82.25,82.25,82.25,82.25,0
PZU011,20121026,82.16,82.16,82.16,82.16,0
PZU011,20121029,82.04,82.04,82.04,82.04,0
PZU011,20121030,82.24,82.24,82.24,82.24,0
PZU011,20121031,82.14,82.14,82.14,82.14,0
PZU011,20121102,82.54,82.54,82.54,82.54,0
PZU011,20121105,82.50,82.50,82.50,82.50,0
PZU011,20121106,82.48,82.48,82.48,82.48,0
PZU011,20121107,82.09,82.09,82.09,82.09,0
PZU011,20121108,82.17,82.17,82.17,82.17,0
PZU011,20121109,81.88,81.88,81.88,81.88,0
PZU011,20121112,82.11,82.11,82.11,82.11,0
PZU011,20121113,82.46,82.46,82.46,82.46,0
PZU011,20121114,82.94,82.94,82.94,82.94,0
PZU011,20121115,83.05,83.05,83.05,83.05,0
PZU011,20121116,82.86,82.86,82.86,82.86,0
PZU011,20121119,83.69,83.69,83.69,83.69,0
PZU011,20121120,83.65,83.65,83.65,83.65,0
PZU011,20121121,83.37,83.37,83.37,83.37,0
PZU011,20121122,83.23,83.23,83.23,83.23,0
PZU011,20121123,83.75,83.75,83.75,83.75,0
PZU011,20121126,83.88,83.88,83.88,83.88,0
PZU011,20121127,84.05,84.05,84.05,84.05,0
PZU011,20121128,83.95,83.95,83.95,83.95,0
PZU011,20121129,84.25,84.25,84.25,84.25,0
PZU011,20121130,84.62,84.62,84.62,84.62,0
PZU011,20121203,85.19,85.19,85.19,85.19,0
PZU011,20121204,85.43,85.43,85.43,85.43,0
PZU011,20121205,85.68,85.68,85.68,85.68,0
PZU011,20121206,86.00,86.00,86.00,86.00,0
PZU011,20121207,85.34,85.34,85.34,85.34,0
PZU011,20121210,85.91,85.91,85.91,85.91,0
PZU011,20121211,86.82,86.82,86.82,86.82,0
PZU011,20121212,87.08,87.08,87.08,87.08,0
PZU011,20121213,86.87,86.87,86.87,86.87,0
PZU011,20121214,87.31,87.31,87.31,87.31,0
PZU011,20121217,87.64,87.64,87.64,87.64,0
PZU011,20121218,88.09,88.09,88.09,88.09,0
PZU011,20121219,88.67,88.67,88.67,88.67,0
PZU011,20121220,88.29,88.29,88.29,88.29,0
PZU011,20121221,87.91,87.91,87.91,87.91,0
PZU011,20121227,88.26,88.26,88.26,88.26,0
PZU011,20121228,87.86,87.86,87.86,87.86,0
PZU011,20130102,88.79,88.79,88.79,88.79,0
PZU011,20130103,88.87,88.87,88.87,88.87,0
PZU011,20130104,88.23,88.23,88.23,88.23,0
PZU011,20130107,87.48,87.48,87.48,87.48,0
PZU011,20130108,87.12,87.12,87.12,87.12,0
PZU011,20130109,87.08,87.08,87.08,87.08,0
PZU011,20130110,87.23,87.23,87.23,87.23,0
PZU011,20130111,86.96,86.96,86.96,86.96,0
PZU011,20130114,86.93,86.93,86.93,86.93,0
PZU011,20130115,86.43,86.43,86.43,86.43,0
PZU011,20130116,87.20,87.20,87.20,87.20,0
PZU011,20130117,87.38,87.38,87.38,87.38,0
PZU011,20130118,87.53,87.53,87.53,87.53,0
PZU011,20130121,87.65,87.65,87.65,87.65,0
PZU011,20130122,87.49,87.49,87.49,87.49,0
PZU011,20130123,87.27,87.27,87.27,87.27,0
PZU011,20130124,87.52,87.52,87.52,87.52,0
PZU011,20130125,87.04,87.04,87.04,87.04,0
PZU011,20130128,86.66,86.66,86.66,86.66,0
PZU011,20130129,86.69,86.69,86.69,86.69,0
PZU011,20130130,85.98,85.98,85.98,85.98,0
PZU011,20130131,85.81,85.81,85.81,85.81,0
PZU011,20130201,85.91,85.91,85.91,85.91,0
PZU011,20130204,85.17,85.17,85.17,85.17,0
PZU011,20130205,85.59,85.59,85.59,85.59,0
PZU011,20130206,84.81,84.81,84.81,84.81,0
PZU011,20130207,84.99,84.99,84.99,84.99,0
PZU011,20130208,85.48,85.48,85.48,85.48,0
PZU011,20130211,85.59,85.59,85.59,85.59,0
PZU011,20130212,85.28,85.28,85.28,85.28,0
PZU011,20130213,85.34,85.34,85.34,85.34,0
PZU011,20130214,85.01,85.01,85.01,85.01,0
PZU011,20130215,85.27,85.27,85.27,85.27,0
PZU011,20130218,85.49,85.49,85.49,85.49,0
PZU011,20130219,85.51,85.51,85.51,85.51,0
PZU011,20130220,84.83,84.83,84.83,84.83,0
PZU011,20130221,84.78,84.78,84.78,84.78,0
PZU011,20130222,84.80,84.80,84.80,84.80,0
PZU011,20130225,85.30,85.30,85.30,85.30,0
PZU011,20130226,84.63,84.63,84.63,84.63,0
PZU011,20130227,85.14,85.14,85.14,85.14,0
PZU011,20130228,85.21,85.21,85.21,85.21,0
PZU011,20130301,85.27,85.27,85.27,85.27,0
PZU011,20130304,85.03,85.03,85.03,85.03,0
PZU011,20130305,85.92,85.92,85.92,85.92,0
PZU011,20130306,85.16,85.16,85.16,85.16,0
PZU011,20130307,86.11,86.11,86.11,86.11,0
PZU011,20130308,86.67,86.67,86.67,86.67,0
PZU011,20130311,86.52,86.52,86.52,86.52,0
PZU011,20130312,86.69,86.69,86.69,86.69,0
PZU011,20130313,86.46,86.46,86.46,86.46,0
PZU011,20130314,86.91,86.91,86.91,86.91,0
PZU011,20130315,86.76,86.76,86.76,86.76,0
PZU011,20130318,86.12,86.12,86.12,86.12,0
PZU011,20130319,85.37,85.37,85.37,85.37,0
PZU011,20130320,85.40,85.40,85.40,85.40,0
PZU011,20130321,84.82,84.82,84.82,84.82,0
PZU011,20130322,84.17,84.17,84.17,84.17,0
PZU011,20130325,83.51,83.51,83.51,83.51,0
PZU011,20130326,83.66,83.66,83.66,83.66,0
PZU011,20130327,84.30,84.30,84.30,84.30,0
PZU011,20130328,84.17,84.17,84.17,84.17,0
PZU011,20130402,84.33,84.33,84.33,84.33,0
PZU011,20130403,83.41,83.41,83.41,83.41,0
PZU011,20130404,83.46,83.46,83.46,83.46,0
PZU011,20130405,83.43,83.43,83.43,83.43,0
PZU011,20130408,83.36,83.36,83.36,83.36,0
PZU011,20130409,83.58,83.58,83.58,83.58,0
PZU011,20130410,84.01,84.01,84.01,84.01,0
PZU011,20130411,84.70,84.70,84.70,84.70,0
PZU011,20130412,84.57,84.57,84.57,84.57,0
PZU011,20130415,83.55,83.55,83.55,83.55,0
PZU011,20130417,82.60,82.60,82.60,82.60,0
PZU011,20130418,81.95,81.95,81.95,81.95,0
PZU011,20130419,81.95,81.95,81.95,81.95,0
PZU011,20130422,81.93,81.93,81.93,81.93,0
PZU011,20130423,81.76,81.76,81.76,81.76,0
PZU011,20130424,81.95,81.95,81.95,81.95,0
PZU011,20130425,82.00,82.00,82.00,82.00,0
PZU011,20130426,82.15,82.15,82.15,82.15,0
PZU011,20130429,82.43,82.43,82.43,82.43,0
PZU011,20130430,82.71,82.71,82.71,82.71,0
PZU011,20130502,82.39,82.39,82.39,82.39,0
PZU011,20130506,83.01,83.01,83.01,83.01,0
PZU011,20130507,83.20,83.20,83.20,83.20,0
PZU011,20130508,83.62,83.62,83.62,83.62,0
PZU011,20130509,83.47,83.47,83.47,83.47,0
PZU011,20130510,83.24,83.24,83.24,83.24,0
PZU011,20130513,83.61,83.61,83.61,83.61,0
PZU011,20130514,84.28,84.28,84.28,84.28,0
PZU011,20130515,84.76,84.76,84.76,84.76,0
PZU011,20130516,84.48,84.48,84.48,84.48,0
PZU011,20130517,84.64,84.64,84.64,84.64,0
PZU011,20130520,84.56,84.56,84.56,84.56,0
PZU011,20130521,84.25,84.25,84.25,84.25,0
PZU011,20130522,84.32,84.32,84.32,84.32,0
PZU011,20130523,84.00,84.00,84.00,84.00,0
PZU011,20130524,84.66,84.66,84.66,84.66,0
PZU011,20130527,85.92,85.92,85.92,85.92,0
PZU011,20130528,86.33,86.33,86.33,86.33,0
PZU011,20130529,86.24,86.24,86.24,86.24,0
PZU011,20130531,86.65,86.65,86.65,86.65,0
PZU011,20130603,85.85,85.85,85.85,85.85,0
PZU011,20130604,86.24,86.24,86.24,86.24,0
PZU011,20130605,86.36,86.36,86.36,86.36,0
PZU011,20130606,86.15,86.15,86.15,86.15,0
PZU011,20130607,86.79,86.79,86.79,86.79,0
PZU011,20130610,86.85,86.85,86.85,86.85,0
PZU011,20130611,86.64,86.64,86.64,86.64,0
PZU011,20130612,86.63,86.63,86.63,86.63,0
PZU011,20130613,86.35,86.35,86.35,86.35,0
PZU011,20130614,86.37,86.37,86.37,86.37,0
PZU011,20130617,86.22,86.22,86.22,86.22,0
PZU011,20130618,86.20,86.20,86.20,86.20,0
PZU011,20130619,85.85,85.85,85.85,85.85,0
PZU011,20130620,84.00,84.00,84.00,84.00,0
PZU011,20130621,82.80,82.80,82.80,82.80,0
PZU011,20130624,82.99,82.99,82.99,82.99,0
PZU011,20130625,83.12,83.12,83.12,83.12,0
PZU011,20130626,83.14,83.14,83.14,83.14,0
PZU011,20130627,81.92,81.92,81.92,81.92,0
PZU011,20130628,83.01,83.01,83.01,83.01,0
PZU011,20130701,82.95,82.95,82.95,82.95,0
PZU011,20130702,83.68,83.68,83.68,83.68,0
PZU011,20130703,83.44,83.44,83.44,83.44,0
PZU011,20130704,83.76,83.76,83.76,83.76,0
PZU011,20130705,83.30,83.30,83.30,83.30,0
PZU011,20130708,82.71,82.71,82.71,82.71,0
PZU011,20130709,82.57,82.57,82.57,82.57,0
PZU011,20130710,83.64,83.64,83.64,83.64,0
PZU011,20130711,84.38,84.38,84.38,84.38,0
PZU011,20130712,84.75,84.75,84.75,84.75,0
PZU011,20130715,84.77,84.77,84.77,84.77,0
PZU011,20130716,84.65,84.65,84.65,84.65,0
PZU011,20130717,84.88,84.88,84.88,84.88,0
PZU011,20130718,84.74,84.74,84.74,84.74,0
PZU011,20130719,84.94,84.94,84.94,84.94,0
PZU011,20130722,84.74,84.74,84.74,84.74,0
PZU011,20130723,85.07,85.07,85.07,85.07,0
PZU011,20130724,85.31,85.31,85.31,85.31,0
PZU011,20130725,85.06,85.06,85.06,85.06,0
PZU011,20130726,84.38,84.38,84.38,84.38,0
PZU011,20130729,84.78,84.78,84.78,84.78,0
PZU011,20130730,84.86,84.86,84.86,84.86,0
PZU011,20130731,85.33,85.33,85.33,85.33,0
PZU011,20130801,85.84,85.84,85.84,85.84,0
PZU011,20130802,87.54,87.54,87.54,87.54,0
PZU011,20130805,87.91,87.91,87.91,87.91,0
PZU011,20130806,87.15,87.15,87.15,87.15,0
PZU011,20130807,87.67,87.67,87.67,87.67,0
PZU011,20130808,88.46,88.46,88.46,88.46,0
PZU011,20130809,88.46,88.46,88.46,88.46,0
PZU011,20130812,89.05,89.05,89.05,89.05,0
PZU011,20130813,89.24,89.24,89.24,89.24,0
PZU011,20130814,89.92,89.92,89.92,89.92,0
PZU011,20130816,89.48,89.48,89.48,89.48,0
PZU011,20130819,89.24,89.24,89.24,89.24,0
PZU011,20130820,88.48,88.48,88.48,88.48,0
PZU011,20130821,88.61,88.61,88.61,88.61,0
PZU011,20130822,89.80,89.80,89.80,89.80,0
PZU011,20130823,89.71,89.71,89.71,89.71,0
PZU011,20130826,89.62,89.62,89.62,89.62,0
PZU011,20130827,88.13,88.13,88.13,88.13,0
PZU011,20130828,88.06,88.06,88.06,88.06,0
PZU011,20130829,88.12,88.12,88.12,88.12,0
PZU011,20130830,88.13,88.13,88.13,88.13,0
PZU011,20130902,88.68,88.68,88.68,88.68,0
PZU011,20130903,88.27,88.27,88.27,88.27,0
PZU011,20130904,86.76,86.76,86.76,86.76,0
PZU011,20130905,83.96,83.96,83.96,83.96,0
PZU011,20130906,85.51,85.51,85.51,85.51,0
PZU011,20130909,87.38,87.38,87.38,87.38,0
PZU011,20130910,89.28,89.28,89.28,89.28,0
PZU011,20130911,89.88,89.88,89.88,89.88,0
PZU011,20130912,90.48,90.48,90.48,90.48,0
PZU011,20130913,89.62,89.62,89.62,89.62,0
PZU011,20130916,88.92,88.92,88.92,88.92,0
PZU011,20130917,90.02,90.02,90.02,90.02,0
PZU011,20130918,89.79,89.79,89.79,89.79,0
PZU011,20130919,91.01,91.01,91.01,91.01,0
PZU011,20130920,91.14,91.14,91.14,91.14,0
PZU011,20130923,90.55,90.55,90.55,90.55,0
PZU011,20130924,90.28,90.28,90.28,90.28,0
PZU011,20130925,90.63,90.63,90.63,90.63,0
PZU011,20130926,91.59,91.59,91.59,91.59,0
PZU011,20130927,91.37,91.37,91.37,91.37,0
PZU011,20130930,90.58,90.58,90.58,90.58,0
PZU011,20131001,91.12,91.12,91.12,91.12,0
PZU011,20131002,91.23,91.23,91.23,91.23,0
PZU011,20131003,91.58,91.58,91.58,91.58,0
PZU011,20131004,90.91,90.91,90.91,90.91,0
PZU011,20131007,90.43,90.43,90.43,90.43,0
PZU011,20131008,90.15,90.15,90.15,90.15,0
PZU011,20131009,90.37,90.37,90.37,90.37,0
PZU011,20131010,92.57,92.57,92.57,92.57,0
PZU011,20131011,92.94,92.94,92.94,92.94,0
PZU011,20131014,93.12,93.12,93.12,93.12,0
PZU011,20131015,93.13,93.13,93.13,93.13,0
PZU011,20131016,93.46,93.46,93.46,93.46,0
PZU011,20131017,92.92,92.92,92.92,92.92,0
PZU011,20131018,92.74,92.74,92.74,92.74,0
PZU011,20131021,94.58,94.58,94.58,94.58,0
PZU011,20131022,94.48,94.48,94.48,94.48,0
PZU011,20131023,93.82,93.82,93.82,93.82,0
PZU011,20131024,94.66,94.66,94.66,94.66,0
PZU011,20131025,94.01,94.01,94.01,94.01,0
PZU011,20131028,94.33,94.33,94.33,94.33,0
PZU011,20131029,95.03,95.03,95.03,95.03,0
PZU011,20131030,94.85,94.85,94.85,94.85,0
PZU011,20131031,94.10,94.10,94.10,94.10,0
PZU011,20131104,94.72,94.72,94.72,94.72,0
PZU011,20131105,94.14,94.14,94.14,94.14,0
PZU011,20131106,94.78,94.78,94.78,94.78,0
PZU011,20131107,94.36,94.36,94.36,94.36,0
PZU011,20131108,94.10,94.10,94.10,94.10,0
PZU011,20131112,94.31,94.31,94.31,94.31,0
PZU011,20131113,92.93,92.93,92.93,92.93,0
PZU011,20131114,93.34,93.34,93.34,93.34,0
PZU011,20131115,94.36,94.36,94.36,94.36,0
PZU011,20131118,95.93,95.93,95.93,95.93,0
PZU011,20131119,95.49,95.49,95.49,95.49,0
PZU011,20131120,95.89,95.89,95.89,95.89,0
PZU011,20131121,95.48,95.48,95.48,95.48,0
PZU011,20131122,95.69,95.69,95.69,95.69,0
PZU011,20131125,96.22,96.22,96.22,96.22,0
PZU011,20131126,95.10,95.10,95.10,95.10,0
PZU011,20131127,95.22,95.22,95.22,95.22,0
PZU011,20131128,94.85,94.85,94.85,94.85,0
PZU011,20131129,96.08,96.08,96.08,96.08,0
PZU011,20131202,94.83,94.83,94.83,94.83,0
PZU011,20131203,94.12,94.12,94.12,94.12,0
PZU011,20131204,93.64,93.64,93.64,93.64,0
PZU011,20131205,93.43,93.43,93.43,93.43,0
PZU011,20131206,93.69,93.69,93.69,93.69,0
PZU011,20131209,93.92,93.92,93.92,93.92,0
PZU011,20131210,93.54,93.54,93.54,93.54,0
PZU011,20131211,93.02,93.02,93.02,93.02,0
PZU011,20131212,91.65,91.65,91.65,91.65,0
PZU011,20131213,91.34,91.34,91.34,91.34,0
PZU011,20131216,91.06,91.06,91.06,91.06,0
PZU011,20131217,89.19,89.19,89.19,89.19,0
PZU011,20131218,89.28,89.28,89.28,89.28,0
PZU011,20131219,88.75,88.75,88.75,88.75,0
PZU011,20131220,89.14,89.14,89.14,89.14,0
PZU011,20131223,89.94,89.94,89.94,89.94,0
PZU011,20131227,89.91,89.91,89.91,89.91,0
PZU011,20131230,89.92,89.92,89.92,89.92,0
PZU011,20140102,91.12,91.12,91.12,91.12,0
PZU011,20140103,90.84,90.84,90.84,90.84,0
PZU011,20140107,89.17,89.17,89.17,89.17,0
PZU011,20140108,89.16,89.16,89.16,89.16,0
PZU011,20140109,87.92,87.92,87.92,87.92,0
PZU011,20140110,87.92,87.92,87.92,87.92,0
PZU011,20140113,89.00,89.00,89.00,89.00,0
PZU011,20140114,89.26,89.26,89.26,89.26,0
PZU011,20140115,89.84,89.84,89.84,89.84,0
PZU011,20140116,90.15,90.15,90.15,90.15,0
PZU011,20140117,89.50,89.50,89.50,89.50,0
PZU011,20140120,89.55,89.55,89.55,89.55,0
PZU011,20140121,90.47,90.47,90.47,90.47,0
PZU011,20140122,91.13,91.13,91.13,91.13,0
PZU011,20140123,90.65,90.65,90.65,90.65,0
PZU011,20140124,89.07,89.07,89.07,89.07,0
PZU011,20140127,88.09,88.09,88.09,88.09,0
PZU011,20140128,88.50,88.50,88.50,88.50,0
PZU011,20140129,88.08,88.08,88.08,88.08,0
PZU011,20140130,88.70,88.70,88.70,88.70,0
PZU011,20140131,89.15,89.15,89.15,89.15,0
PZU011,20140203,89.41,89.41,89.41,89.41,0
PZU011,20140204,89.03,89.03,89.03,89.03,0
PZU011,20140205,89.49,89.49,89.49,89.49,0
PZU011,20140206,91.19,91.19,91.19,91.19,0
PZU011,20140207,91.43,91.43,91.43,91.43,0
PZU011,20140210,91.01,91.01,91.01,91.01,0
PZU011,20140211,91.58,91.58,91.58,91.58,0
PZU011,20140212,92.75,92.75,92.75,92.75,0
PZU011,20140213,93.03,93.03,93.03,93.03,0
PZU011,20140214,92.88,92.88,92.88,92.88,0
PZU011,20140217,93.15,93.15,93.15,93.15,0
PZU011,20140218,92.72,92.72,92.72,92.72,0
PZU011,20140219,92.92,92.92,92.92,92.92,0
PZU011,20140220,92.18,92.18,92.18,92.18,0
PZU011,20140221,93.06,93.06,93.06,93.06,0
PZU011,20140224,94.52,94.52,94.52,94.52,0
PZU011,20140225,94.11,94.11,94.11,94.11,0
PZU011,20140226,92.36,92.36,92.36,92.36,0
PZU011,20140227,92.20,92.20,92.20,92.20,0
PZU011,20140228,93.74,93.74,93.74,93.74,0
PZU011,20140303,88.32,88.32,88.32,88.32,0
PZU011,20140304,90.81,90.81,90.81,90.81,0
PZU011,20140305,90.58,90.58,90.58,90.58,0
PZU011,20140306,90.92,90.92,90.92,90.92,0
PZU011,20140307,90.11,90.11,90.11,90.11,0
PZU011,20140310,88.59,88.59,88.59,88.59,0
PZU011,20140311,88.35,88.35,88.35,88.35,0
PZU011,20140312,87.05,87.05,87.05,87.05,0
PZU011,20140313,85.79,85.79,85.79,85.79,0
PZU011,20140314,84.54,84.54,84.54,84.54,0
PZU011,20140317,87.26,87.26,87.26,87.26,0
PZU011,20140318,87.20,87.20,87.20,87.20,0
PZU011,20140319,86.59,86.59,86.59,86.59,0
PZU011,20140320,87.19,87.19,87.19,87.19,0
PZU011,20140321,87.43,87.43,87.43,87.43,0
PZU011,20140324,87.06,87.06,87.06,87.06,0
PZU011,20140325,88.21,88.21,88.21,88.21,0
PZU011,20140326,89.28,89.28,89.28,89.28,0
PZU011,20140327,89.01,89.01,89.01,89.01,0
PZU011,20140328,89.36,89.36,89.36,89.36,0
PZU011,20140331,90.50,90.50,90.50,90.50,0
PZU011,20140401,90.84,90.84,90.84,90.84,0
PZU011,20140402,91.16,91.16,91.16,91.16,0
PZU011,20140403,90.50,90.50,90.50,90.50,0
PZU011,20140404,90.98,90.98,90.98,90.98,0
PZU011,20140407,90.24,90.24,90.24,90.24,0
PZU011,20140408,90.50,90.50,90.50,90.50,0
PZU011,20140409,90.52,90.52,90.52,90.52,0
PZU011,20140410,90.81,90.81,90.81,90.81,0
PZU011,20140411,90.38,90.38,90.38,90.38,0
PZU011,20140414,89.24,89.24,89.24,89.24,0
PZU011,20140415,88.51,88.51,88.51,88.51,0
PZU011,20140416,87.87,87.87,87.87,87.87,0
PZU011,20140417,88.72,88.72,88.72,88.72,0
PZU011,20140422,89.66,89.66,89.66,89.66,0
PZU011,20140423,89.36,89.36,89.36,89.36,0
PZU011,20140424,88.73,88.73,88.73,88.73,0
PZU011,20140425,88.37,88.37,88.37,88.37,0
PZU011,20140428,88.52,88.52,88.52,88.52,0
PZU011,20140429,88.93,88.93,88.93,88.93,0
PZU011,20140430,88.99,88.99,88.99,88.99,0
PZU011,20140502,88.79,88.79,88.79,88.79,0
PZU011,20140505,87.38,87.38,87.38,87.38,0
PZU011,20140506,86.96,86.96,86.96,86.96,0
PZU011,20140507,86.73,86.73,86.73,86.73,0
PZU011,20140508,86.91,86.91,86.91,86.91,0
PZU011,20140509,85.97,85.97,85.97,85.97,0
PZU011,20140512,86.48,86.48,86.48,86.48,0
PZU011,20140513,86.73,86.73,86.73,86.73,0
PZU011,20140514,87.03,87.03,87.03,87.03,0
PZU011,20140515,86.22,86.22,86.22,86.22,0
PZU011,20140516,86.14,86.14,86.14,86.14,0
PZU011,20140519,86.39,86.39,86.39,86.39,0
PZU011,20140520,86.69,86.69,86.69,86.69,0
PZU011,20140521,86.98,86.98,86.98,86.98,0
PZU011,20140522,88.41,88.41,88.41,88.41,0
PZU011,20140523,88.70,88.70,88.70,88.70,0
PZU011,20140526,89.10,89.10,89.10,89.10,0
PZU011,20140527,88.70,88.70,88.70,88.70,0
PZU011,20140528,88.10,88.10,88.10,88.10,0
PZU011,20140529,88.60,88.60,88.60,88.60,0
PZU011,20140530,87.98,87.98,87.98,87.98,0
PZU011,20140602,88.14,88.14,88.14,88.14,0
PZU011,20140603,88.28,88.28,88.28,88.28,0
PZU011,20140604,88.79,88.79,88.79,88.79,0
PZU011,20140605,89.45,89.45,89.45,89.45,0
PZU011,20140606,90.08,90.08,90.08,90.08,0
PZU011,20140609,89.64,89.64,89.64,89.64,0
PZU011,20140610,90.03,90.03,90.03,90.03,0
PZU011,20140611,89.75,89.75,89.75,89.75,0
PZU011,20140612,89.32,89.32,89.32,89.32,0
PZU011,20140613,88.89,88.89,88.89,88.89,0
PZU011,20140616,88.65,88.65,88.65,88.65,0
PZU011,20140617,88.94,88.94,88.94,88.94,0
PZU011,20140618,88.89,88.89,88.89,88.89,0
PZU011,20140620,89.07,89.07,89.07,89.07,0
PZU011,20140623,89.36,89.36,89.36,89.36,0
PZU011,20140624,89.03,89.03,89.03,89.03,0
PZU011,20140625,87.72,87.72,87.72,87.72,0
PZU011,20140626,87.23,87.23,87.23,87.23,0
PZU011,20140627,87.23,87.23,87.23,87.23,0
PZU011,20140630,87.73,87.73,87.73,87.73,0
PZU011,20140701,87.02,87.02,87.02,87.02,0
PZU011,20140702,86.37,86.37,86.37,86.37,0
PZU011,20140703,85.88,85.88,85.88,85.88,0
PZU011,20140704,85.91,85.91,85.91,85.91,0
PZU011,20140707,86.05,86.05,86.05,86.05,0
PZU011,20140708,85.35,85.35,85.35,85.35,0
PZU011,20140709,84.82,84.82,84.82,84.82,0
PZU011,20140710,84.17,84.17,84.17,84.17,0
PZU011,20140711,85.30,85.30,85.30,85.30,0
PZU011,20140714,85.55,85.55,85.55,85.55,0
PZU011,20140715,85.48,85.48,85.48,85.48,0
PZU011,20140716,85.44,85.44,85.44,85.44,0
PZU011,20140717,85.50,85.50,85.50,85.50,0
PZU011,20140718,85.22,85.22,85.22,85.22,0
PZU011,20140721,84.90,84.90,84.90,84.90,0
PZU011,20140722,85.56,85.56,85.56,85.56,0
PZU011,20140723,85.29,85.29,85.29,85.29,0
PZU011,20140724,85.05,85.05,85.05,85.05,0
PZU011,20140725,84.86,84.86,84.86,84.86,0
PZU011,20140728,84.69,84.69,84.69,84.69,0
PZU011,20140729,84.45,84.45,84.45,84.45,0
PZU011,20140730,82.98,82.98,82.98,82.98,0
PZU011,20140731,82.58,82.58,82.58,82.58,0
PZU011,20140801,82.94,82.94,82.94,82.94,0
PZU011,20140804,83.53,83.53,83.53,83.53,0
PZU011,20140805,83.31,83.31,83.31,83.31,0
PZU011,20140806,82.71,82.71,82.71,82.71,0
PZU011,20140807,81.35,81.35,81.35,81.35,0
PZU011,20140808,80.43,80.43,80.43,80.43,0
PZU011,20140811,81.92,81.92,81.92,81.92,0
PZU011,20140812,81.71,81.71,81.71,81.71,0
PZU011,20140813,82.30,82.30,82.30,82.30,0
PZU011,20140814,83.09,83.09,83.09,83.09,0
PZU011,20140818,83.95,83.95,83.95,83.95,0
PZU011,20140819,84.09,84.09,84.09,84.09,0
PZU011,20140820,84.23,84.23,84.23,84.23,0
PZU011,20140821,84.28,84.28,84.28,84.28,0
PZU011,20140822,83.99,83.99,83.99,83.99,0
PZU011,20140825,84.27,84.27,84.27,84.27,0
PZU011,20140826,84.92,84.92,84.92,84.92,0
PZU011,20140827,85.03,85.03,85.03,85.03,0
PZU011,20140828,83.26,83.26,83.26,83.26,0
PZU011,20140829,83.26,83.26,83.26,83.26,0
PZU011,20140901,83.89,83.89,83.89,83.89,0
PZU011,20140902,84.07,84.07,84.07,84.07,0
PZU011,20140903,85.74,85.74,85.74,85.74,0
PZU011,20140904,86.35,86.35,86.35,86.35,0
PZU011,20140905,86.51,86.51,86.51,86.51,0
PZU011,20140908,86.69,86.69,86.69,86.69,0
PZU011,20140909,86.78,86.78,86.78,86.78,0
PZU011,20140910,86.84,86.84,86.84,86.84,0
PZU011,20140911,86.16,86.16,86.16,86.16,0
PZU011,20140912,86.32,86.32,86.32,86.32,0
PZU011,20140915,86.72,86.72,86.72,86.72,0
PZU011,20140916,87.16,87.16,87.16,87.16,0
PZU011,20140917,87.96,87.96,87.96,87.96,0
PZU011,20140918,87.78,87.78,87.78,87.78,0
PZU011,20140919,89.00,89.00,89.00,89.00,0
PZU011,20140922,88.57,88.57,88.57,88.57,0
PZU011,20140923,87.48,87.48,87.48,87.48,0
PZU011,20140924,87.20,87.20,87.20,87.20,0
PZU011,20140925,87.08,87.08,87.08,87.08,0
PZU011,20140926,87.32,87.32,87.32,87.32,0
PZU011,20140929,87.59,87.59,87.59,87.59,0
PZU011,20140930,87.90,87.90,87.90,87.90,0
PZU011,20141001,86.57,86.57,86.57,86.57,0
PZU011,20141002,85.59,85.59,85.59,85.59,0
PZU011,20141003,85.98,85.98,85.98,85.98,0
PZU011,20141006,86.38,86.38,86.38,86.38,0
PZU011,20141007,86.01,86.01,86.01,86.01,0
PZU011,20141008,84.89,84.89,84.89,84.89,0
PZU011,20141009,85.25,85.25,85.25,85.25,0
PZU011,20141010,83.95,83.95,83.95,83.95,0
PZU011,20141013,83.73,83.73,83.73,83.73,0
PZU011,20141014,83.92,83.92,83.92,83.92,0
PZU011,20141015,83.13,83.13,83.13,83.13,0
PZU011,20141016,82.94,82.94,82.94,82.94,0
PZU011,20141017,83.57,83.57,83.57,83.57,0
PZU011,20141020,83.14,83.14,83.14,83.14,0
PZU011,20141021,84.29,84.29,84.29,84.29,0
PZU011,20141022,84.41,84.41,84.41,84.41,0
PZU011,20141023,84.46,84.46,84.46,84.46,0
PZU011,20141024,84.40,84.40,84.40,84.40,0
PZU011,20141027,84.62,84.62,84.62,84.62,0
PZU011,20141028,85.17,85.17,85.17,85.17,0
PZU011,20141029,84.81,84.81,84.81,84.81,0
PZU011,20141030,84.67,84.67,84.67,84.67,0
PZU011,20141031,85.39,85.39,85.39,85.39,0
PZU011,20141103,85.03,85.03,85.03,85.03,0
PZU011,20141104,84.94,84.94,84.94,84.94,0
PZU011,20141105,84.44,84.44,84.44,84.44,0
PZU011,20141106,84.22,84.22,84.22,84.22,0
PZU011,20141107,83.60,83.60,83.60,83.60,0
PZU011,20141110,83.40,83.40,83.40,83.40,0
PZU011,20141112,83.19,83.19,83.19,83.19,0
PZU011,20141113,82.94,82.94,82.94,82.94,0
PZU011,20141114,83.22,83.22,83.22,83.22,0
PZU011,20141117,82.97,82.97,82.97,82.97,0
PZU011,20141118,83.43,83.43,83.43,83.43,0
PZU011,20141119,83.13,83.13,83.13,83.13,0
PZU011,20141120,82.11,82.11,82.11,82.11,0
PZU011,20141121,82.59,82.59,82.59,82.59,0
PZU011,20141124,82.36,82.36,82.36,82.36,0
PZU011,20141125,82.17,82.17,82.17,82.17,0
PZU011,20141126,82.52,82.52,82.52,82.52,0
PZU011,20141127,82.69,82.69,82.69,82.69,0
PZU011,20141128,82.50,82.50,82.50,82.50,0
PZU011,20141201,82.10,82.10,82.10,82.10,0
PZU011,20141202,82.88,82.88,82.88,82.88,0
PZU011,20141203,82.94,82.94,82.94,82.94,0
PZU011,20141204,82.30,82.30,82.30,82.30,0
PZU011,20141205,82.74,82.74,82.74,82.74,0
PZU011,20141208,82.71,82.71,82.71,82.71,0
PZU011,20141209,81.92,81.92,81.92,81.92,0
PZU011,20141210,81.22,81.22,81.22,81.22,0
PZU011,20141211,81.37,81.37,81.37,81.37,0
PZU011,20141212,80.95,80.95,80.95,80.95,0
PZU011,20141215,79.96,79.96,79.96,79.96,0
PZU011,20141216,78.41,78.41,78.41,78.41,0
PZU011,20141217,78.71,78.71,78.71,78.71,0
PZU011,20141218,79.75,79.75,79.75,79.75,0
PZU011,20141219,79.02,79.02,79.02,79.02,0
PZU011,20141222,78.92,78.92,78.92,78.92,0
PZU011,20141223,78.84,78.84,78.84,78.84,0
PZU011,20141229,78.27,78.27,78.27,78.27,0
PZU011,20141230,78.76,78.76,78.76,78.76,0
PZU011,20150102,78.82,78.82,78.82,78.82,0
PZU011,20150105,77.75,77.75,77.75,77.75,0
PZU011,20150107,79.20,79.20,79.20,79.20,0
PZU011,20150108,80.90,80.90,80.90,80.90,0
PZU011,20150109,80.43,80.43,80.43,80.43,0
PZU011,20150112,80.16,80.16,80.16,80.16,0
PZU011,20150113,81.14,81.14,81.14,81.14,0
PZU011,20150114,80.20,80.20,80.20,80.20,0
PZU011,20150115,78.36,78.36,78.36,78.36,0
PZU011,20150116,77.81,77.81,77.81,77.81,0
PZU011,20150119,77.57,77.57,77.57,77.57,0
PZU011,20150120,77.22,77.22,77.22,77.22,0
PZU011,20150121,78.46,78.46,78.46,78.46,0
PZU011,20150122,79.26,79.26,79.26,79.26,0
PZU011,20150123,79.59,79.59,79.59,79.59,0
PZU011,20150126,79.20,79.20,79.20,79.20,0
PZU011,20150127,79.26,79.26,79.26,79.26,0
PZU011,20150128,79.69,79.69,79.69,79.69,0
PZU011,20150129,80.40,80.40,80.40,80.40,0
PZU011,20150130,80.58,80.58,80.58,80.58,0
PZU011,20150202,80.31,80.31,80.31,80.31,0
PZU011,20150203,80.30,80.30,80.30,80.30,0
PZU011,20150204,80.19,80.19,80.19,80.19,0
PZU011,20150205,80.32,80.32,80.32,80.32,0
PZU011,20150206,80.85,80.85,80.85,80.85,0
PZU011,20150209,80.34,80.34,80.34,80.34,0
PZU011,20150210,80.39,80.39,80.39,80.39,0
PZU011,20150211,80.10,80.10,80.10,80.10,0
PZU011,20150212,80.43,80.43,80.43,80.43,0
PZU011,20150213,80.71,80.71,80.71,80.71,0
PZU011,20150216,81.26,81.26,81.26,81.26,0
PZU011,20150217,81.20,81.20,81.20,81.20,0
PZU011,20150218,81.20,81.20,81.20,81.20,0
PZU011,20150219,81.46,81.46,81.46,81.46,0
PZU011,20150220,81.40,81.40,81.40,81.40,0
PZU011,20150223,82.06,82.06,82.06,82.06,0
PZU011,20150224,82.42,82.42,82.42,82.42,0
PZU011,20150225,82.70,82.70,82.70,82.70,0
PZU011,20150226,82.84,82.84,82.84,82.84,0
PZU011,20150227,83.12,83.12,83.12,83.12,0
PZU011,20150302,83.62,83.62,83.62,83.62,0
PZU011,20150303,82.72,82.72,82.72,82.72,0
PZU011,20150304,83.84,83.84,83.84,83.84,0
PZU011,20150305,84.86,84.86,84.86,84.86,0
PZU011,20150306,84.71,84.71,84.71,84.71,0
PZU011,20150309,84.73,84.73,84.73,84.73,0
PZU011,20150310,84.07,84.07,84.07,84.07,0
PZU011,20150311,84.28,84.28,84.28,84.28,0
PZU011,20150312,84.27,84.27,84.27,84.27,0
PZU011,20150313,83.84,83.84,83.84,83.84,0
PZU011,20150316,84.64,84.64,84.64,84.64,0
PZU011,20150317,85.18,85.18,85.18,85.18,0
PZU011,20150318,85.52,85.52,85.52,85.52,0
PZU011,20150319,86.47,86.47,86.47,86.47,0
PZU011,20150320,86.96,86.96,86.96,86.96,0
PZU011,20150323,87.30,87.30,87.30,87.30,0
PZU011,20150324,86.82,86.82,86.82,86.82,0
PZU011,20150325,86.86,86.86,86.86,86.86,0
PZU011,20150326,86.38,86.38,86.38,86.38,0
PZU011,20150327,86.87,86.87,86.87,86.87,0
PZU011,20150330,87.21,87.21,87.21,87.21,0
PZU011,20150331,87.26,87.26,87.26,87.26,0
PZU011,20150401,87.95,87.95,87.95,87.95,0
PZU011,20150402,88.07,88.07,88.07,88.07,0
PZU011,20150407,88.57,88.57,88.57,88.57,0
PZU011,20150408,88.63,88.63,88.63,88.63,0
PZU011,20150409,89.67,89.67,89.67,89.67,0
PZU011,20150410,89.46,89.46,89.46,89.46,0
PZU011,20150413,90.48,90.48,90.48,90.48,0
PZU011,20150414,90.24,90.24,90.24,90.24,0
PZU011,20150415,90.56,90.56,90.56,90.56,0
PZU011,20150416,90.97,90.97,90.97,90.97,0
PZU011,20150417,90.99,90.99,90.99,90.99,0
PZU011,20150420,91.57,91.57,91.57,91.57,0
PZU011,20150421,91.66,91.66,91.66,91.66,0
PZU011,20150422,92.12,92.12,92.12,92.12,0
PZU011,20150423,92.46,92.46,92.46,92.46,0
PZU011,20150424,92.83,92.83,92.83,92.83,0
PZU011,20150427,93.35,93.35,93.35,93.35,0
PZU011,20150428,93.41,93.41,93.41,93.41,0
PZU011,20150429,93.45,93.45,93.45,93.45,0
PZU011,20150430,93.68,93.68,93.68,93.68,0
PZU011,20150504,94.46,94.46,94.46,94.46,0
PZU011,20150505,94.24,94.24,94.24,94.24,0
PZU011,20150506,94.69,94.69,94.69,94.69,0
PZU011,20150507,94.39,94.39,94.39,94.39,0
PZU011,20150508,95.27,95.27,95.27,95.27,0
PZU011,20150511,95.21,95.21,95.21,95.21,0
PZU011,20150512,95.32,95.32,95.32,95.32,0
PZU011,20150513,94.73,94.73,94.73,94.73,0
PZU011,20150514,94.71,94.71,94.71,94.71,0
PZU011,20150515,95.30,95.30,95.30,95.30,0
PZU011,20150518,95.30,95.30,95.30,95.30,0
PZU011,20150519,95.45,95.45,95.45,95.45,0
PZU011,20150520,95.58,95.58,95.58,95.58,0
PZU011,20150521,95.71,95.71,95.71,95.71,0
PZU011,20150522,95.72,95.72,95.72,95.72,0
PZU011,20150525,94.65,94.65,94.65,94.65,0
PZU011,20150526,94.15,94.15,94.15,94.15,0
PZU011,20150527,94.44,94.44,94.44,94.44,0
PZU011,20150528,94.22,94.22,94.22,94.22,0
PZU011,20150529,94.46,94.46,94.46,94.46,0
PZU011,20150601,94.66,94.66,94.66,94.66,0
PZU011,20150602,94.33,94.33,94.33,94.33,0
PZU011,20150603,94.36,94.36,94.36,94.36,0
PZU011,20150605,93.90,93.90,93.90,93.90,0
PZU011,20150608,92.95,92.95,92.95,92.95,0
PZU011,20150609,92.10,92.10,92.10,92.10,0
PZU011,20150610,93.81,93.81,93.81,93.81,0
PZU011,20150611,93.63,93.63,93.63,93.63,0
PZU011,20150612,92.96,92.96,92.96,92.96,0
PZU011,20150615,92.58,92.58,92.58,92.58,0
PZU011,20150616,92.65,92.65,92.65,92.65,0
PZU011,20150617,91.81,91.81,91.81,91.81,0
PZU011,20150618,91.70,91.70,91.70,91.70,0
PZU011,20150619,91.39,91.39,91.39,91.39,0
PZU011,20150622,92.50,92.50,92.50,92.50,0
PZU011,20150623,92.90,92.90,92.90,92.90,0
PZU011,20150624,92.81,92.81,92.81,92.81,0
PZU011,20150625,92.72,92.72,92.72,92.72,0
PZU011,20150626,92.22,92.22,92.22,92.22,0
PZU011,20150629,90.18,90.18,90.18,90.18,0
PZU011,20150630,90.45,90.45,90.45,90.45,0
PZU011,20150701,90.65,90.65,90.65,90.65,0
PZU011,20150702,90.58,90.58,90.58,90.58,0
PZU011,20150703,90.24,90.24,90.24,90.24,0
PZU011,20150706,90.19,90.19,90.19,90.19,0
PZU011,20150707,89.25,89.25,89.25,89.25,0
PZU011,20150708,88.70,88.70,88.70,88.70,0
PZU011,20150709,89.48,89.48,89.48,89.48,0
PZU011,20150710,91.45,91.45,91.45,91.45,0
PZU011,20150713,91.89,91.89,91.89,91.89,0
PZU011,20150714,91.94,91.94,91.94,91.94,0
PZU011,20150715,92.29,92.29,92.29,92.29,0
PZU011,20150716,93.16,93.16,93.16,93.16,0
PZU011,20150717,93.17,93.17,93.17,93.17,0
PZU011,20150720,93.16,93.16,93.16,93.16,0
PZU011,20150721,94.00,94.00,94.00,94.00,0
PZU011,20150722,92.73,92.73,92.73,92.73,0
PZU011,20150723,92.80,92.80,92.80,92.80,0
PZU011,20150724,92.81,92.81,92.81,92.81,0
PZU011,20150727,92.64,92.64,92.64,92.64,0
PZU011,20150728,92.91,92.91,92.91,92.91,0
PZU011,20150729,93.48,93.48,93.48,93.48,0
PZU011,20150730,93.24,93.24,93.24,93.24,0
PZU011,20150731,94.20,94.20,94.20,94.20,0
PZU011,20150803,94.50,94.50,94.50,94.50,0
PZU011,20150804,94.91,94.91,94.91,94.91,0
PZU011,20150805,96.14,96.14,96.14,96.14,0
PZU011,20150806,94.57,94.57,94.57,94.57,0
PZU011,20150807,94.83,94.83,94.83,94.83,0
PZU011,20150810,96.16,96.16,96.16,96.16,0
PZU011,20150811,95.91,95.91,95.91,95.91,0
PZU011,20150812,94.67,94.67,94.67,94.67,0
PZU011,20150813,95.48,95.48,95.48,95.48,0
PZU011,20150814,94.88,94.88,94.88,94.88,0
PZU011,20150817,94.11,94.11,94.11,94.11,0
PZU011,20150818,94.16,94.16,94.16,94.16,0
PZU011,20150819,94.93,94.93,94.93,94.93,0
PZU011,20150820,94.77,94.77,94.77,94.77,0
PZU011,20150821,93.49,93.49,93.49,93.49,0
PZU011,20150824,87.86,87.86,87.86,87.86,0
PZU011,20150825,89.08,89.08,89.08,89.08,0
PZU011,20150826,88.67,88.67,88.67,88.67,0
PZU011,20150827,90.95,90.95,90.95,90.95,0
PZU011,20150828,91.68,91.68,91.68,91.68,0
PZU011,20150831,91.96,91.96,91.96,91.96,0
PZU011,20150901,90.39,90.39,90.39,90.39,0
PZU011,20150902,90.15,90.15,90.15,90.15,0
PZU011,20150903,91.34,91.34,91.34,91.34,0
PZU011,20150904,90.62,90.62,90.62,90.62,0
PZU011,20150907,90.39,90.39,90.39,90.39,0
PZU011,20150908,90.78,90.78,90.78,90.78,0
PZU011,20150909,91.22,91.22,91.22,91.22,0
PZU011,20150910,91.80,91.80,91.80,91.80,0
PZU011,20150911,91.81,91.81,91.81,91.81,0
PZU011,20150914,91.55,91.55,91.55,91.55,0
PZU011,20150915,91.17,91.17,91.17,91.17,0
PZU011,20150916,91.62,91.62,91.62,91.62,0
PZU011,20150917,92.40,92.40,92.40,92.40,0
PZU011,20150918,92.11,92.11,92.11,92.11,0
PZU011,20150921,91.91,91.91,91.91,91.91,0
PZU011,20150922,90.43,90.43,90.43,90.43,0
PZU011,20150923,89.65,89.65,89.65,89.65,0
PZU011,20150924,89.11,89.11,89.11,89.11,0
PZU011,20150925,89.86,89.86,89.86,89.86,0
PZU011,20150928,88.73,88.73,88.73,88.73,0
PZU011,20150929,88.92,88.92,88.92,88.92,0
PZU011,20150930,90.01,90.01,90.01,90.01,0
PZU011,20151001,89.80,89.80,89.80,89.80,0
PZU011,20151002,89.60,89.60,89.60,89.60,0
PZU011,20151005,91.37,91.37,91.37,91.37,0
PZU011,20151006,92.43,92.43,92.43,92.43,0
PZU011,20151007,93.47,93.47,93.47,93.47,0
PZU011,20151008,94.15,94.15,94.15,94.15,0
PZU011,20151009,95.15,95.15,95.15,95.15,0
PZU011,20151012,95.01,95.01,95.01,95.01,0
PZU011,20151013,94.24,94.24,94.24,94.24,0
PZU011,20151014,94.14,94.14,94.14,94.14,0
PZU011,20151015,95.20,95.20,95.20,95.20,0
PZU011,20151016,95.25,95.25,95.25,95.25,0
PZU011,20151019,95.48,95.48,95.48,95.48,0
PZU011,20151020,95.77,95.77,95.77,95.77,0
PZU011,20151021,95.55,95.55,95.55,95.55,0
PZU011,20151022,95.21,95.21,95.21,95.21,0
PZU011,20151023,95.50,95.50,95.50,95.50,0
PZU011,20151026,95.83,95.83,95.83,95.83,0
PZU011,20151027,96.13,96.13,96.13,96.13,0
PZU011,20151028,96.03,96.03,96.03,96.03,0
PZU011,20151029,94.67,94.67,94.67,94.67,0
PZU011,20151030,95.00,95.00,95.00,95.00,0
PZU011,20151102,96.27,96.27,96.27,96.27,0
PZU011,20151103,95.68,95.68,95.68,95.68,0
PZU011,20151104,96.07,96.07,96.07,96.07,0
PZU011,20151105,95.81,95.81,95.81,95.81,0
PZU011,20151106,95.41,95.41,95.41,95.41,0
PZU011,20151109,94.74,94.74,94.74,94.74,0
PZU011,20151110,95.31,95.31,95.31,95.31,0
PZU011,20151112,95.34,95.34,95.34,95.34,0
PZU011,20151113,94.11,94.11,94.11,94.11,0
PZU011,20151116,93.60,93.60,93.60,93.60,0
PZU011,20151117,94.53,94.53,94.53,94.53,0
PZU011,20151118,95.14,95.14,95.14,95.14,0
PZU011,20151119,95.38,95.38,95.38,95.38,0
PZU011,20151120,95.75,95.75,95.75,95.75,0
PZU011,20151123,94.18,94.18,94.18,94.18,0
PZU011,20151124,93.39,93.39,93.39,93.39,0
PZU011,20151125,93.63,93.63,93.63,93.63,0
PZU011,20151126,94.29,94.29,94.29,94.29,0
PZU011,20151127,94.22,94.22,94.22,94.22,0
PZU011,20151130,94.77,94.77,94.77,94.77,0
PZU011,20151201,94.56,94.56,94.56,94.56,0
PZU011,20151202,93.09,93.09,93.09,93.09,0
PZU011,20151203,92.55,92.55,92.55,92.55,0
PZU011,20151204,91.63,91.63,91.63,91.63,0
PZU011,20151207,90.83,90.83,90.83,90.83,0
PZU011,20151208,89.71,89.71,89.71,89.71,0
PZU011,20151209,88.49,88.49,88.49,88.49,0
PZU011,20151210,89.73,89.73,89.73,89.73,0
PZU011,20151211,88.82,88.82,88.82,88.82,0
PZU011,20151214,87.02,87.02,87.02,87.02,0
PZU011,20151215,87.88,87.88,87.88,87.88,0
PZU011,20151216,88.83,88.83,88.83,88.83,0
PZU011,20151217,90.44,90.44,90.44,90.44,0
PZU011,20151218,90.68,90.68,90.68,90.68,0
PZU011,20151221,91.43,91.43,91.43,91.43,0
PZU011,20151222,92.01,92.01,92.01,92.01,0
PZU011,20151223,92.45,92.45,92.45,92.45,0
PZU011,20151228,92.56,92.56,92.56,92.56,0
PZU011,20151229,93.69,93.69,93.69,93.69,0
PZU011,20151230,93.65,93.65,93.65,93.65,0
PZU011,20160104,91.97,91.97,91.97,91.97,0
PZU011,20160105,91.85,91.85,91.85,91.85,0
PZU011,20160107,90.48,90.48,90.48,90.48,0
PZU011,20160108,90.05,90.05,90.05,90.05,0
PZU011,20160111,89.50,89.50,89.50,89.50,0
PZU011,20160112,90.77,90.77,90.77,90.77,0
PZU011,20160113,91.37,91.37,91.37,91.37,0
PZU011,20160114,90.48,90.48,90.48,90.48,0
PZU011,20160115,89.16,89.16,89.16,89.16,0
PZU011,20160118,87.02,87.02,87.02,87.02,0
PZU011,20160119,87.48,87.48,87.48,87.48,0
PZU011,20160120,86.17,86.17,86.17,86.17,0
PZU011,20160121,86.20,86.20,86.20,86.20,0
PZU011,20160122,87.42,87.42,87.42,87.42,0
PZU011,20160125,87.71,87.71,87.71,87.71,0
PZU011,20160126,87.46,87.46,87.46,87.46,0
PZU011,20160127,87.69,87.69,87.69,87.69,0
PZU011,20160128,88.25,88.25,88.25,88.25,0
PZU011,20160129,89.37,89.37,89.37,89.37,0
PZU011,20160201,89.64,89.64,89.64,89.64,0
PZU011,20160202,88.88,88.88,88.88,88.88,0
PZU011,20160203,88.85,88.85,88.85,88.85,0
