Name,Date,Open,High,Low,Close,Volume
SUP004,20061019,98.61,98.61,98.61,98.61,0
SUP004,20061026,98.45,98.45,98.45,98.45,0
SUP004,20061102,97.87,97.87,97.87,97.87,0
SUP004,20061109,97.24,97.24,97.24,97.24,0
SUP004,20061116,96.51,96.51,96.51,96.51,0
SUP004,20061123,96.99,96.99,96.99,96.99,0
SUP004,20061130,96.92,96.92,96.92,96.92,0
SUP004,20061207,98.50,98.50,98.50,98.50,0
SUP004,20061214,99.98,99.98,99.98,99.98,0
SUP004,20061221,100.53,100.53,100.53,100.53,0
SUP004,20061228,102.98,102.98,102.98,102.98,0
SUP004,20070104,110.66,110.66,110.66,110.66,0
SUP004,20070111,107.09,107.09,107.09,107.09,0
SUP004,20070118,115.32,115.32,115.32,115.32,0
SUP004,20070125,114.64,114.64,114.64,114.64,0
SUP004,20070201,113.22,113.22,113.22,113.22,0
SUP004,20070208,112.55,112.55,112.55,112.55,0
SUP004,20070215,114.65,114.65,114.65,114.65,0
SUP004,20070222,114.13,114.13,114.13,114.13,0
SUP004,20070301,107.69,107.69,107.69,107.69,0
SUP004,20070308,92.39,92.39,92.39,92.39,0
SUP004,20070315,95.93,95.93,95.93,95.93,0
SUP004,20070322,100.80,100.80,100.80,100.80,0
SUP004,20070329,96.93,96.93,96.93,96.93,0
SUP004,20070405,98.09,98.09,98.09,98.09,0
SUP004,20070412,101.17,101.17,101.17,101.17,0
SUP004,20070419,108.18,108.18,108.18,108.18,0
SUP004,20070426,105.44,105.44,105.44,105.44,0
SUP004,20070504,104.95,104.95,104.95,104.95,0
SUP004,20070510,108.68,108.68,108.68,108.68,0
SUP004,20070517,108.88,108.88,108.88,108.88,0
SUP004,20070524,109.40,109.40,109.40,109.40,0
SUP004,20070531,110.31,110.31,110.31,110.31,0
SUP004,20070608,114.81,114.81,114.81,114.81,0
SUP004,20070614,112.69,112.69,112.69,112.69,0
SUP004,20070621,113.92,113.92,113.92,113.92,0
SUP004,20070628,113.50,113.50,113.50,113.50,0
SUP004,20070705,116.69,116.69,116.69,116.69,0
SUP004,20070712,119.47,119.47,119.47,119.47,0
SUP004,20070719,124.56,124.56,124.56,124.56,0
SUP004,20070726,121.51,121.51,121.51,121.51,0
SUP004,20070802,101.42,101.42,101.42,101.42,0
SUP004,20070809,97.31,97.31,97.31,97.31,0
SUP004,20070816,97.82,97.82,97.82,97.82,0
SUP004,20070823,88.81,88.81,88.81,88.81,0
SUP004,20070830,88.70,88.70,88.70,88.70,0
SUP004,20070906,88.55,88.55,88.55,88.55,0
SUP004,20070913,88.48,88.48,88.48,88.48,0
SUP004,20070920,89.61,89.61,89.61,89.61,0
SUP004,20070927,91.09,91.09,91.09,91.09,0
SUP004,20071004,89.86,89.86,89.86,89.86,0
SUP004,20071011,93.63,93.63,93.63,93.63,0
SUP004,20071018,94.50,94.50,94.50,94.50,0
SUP004,20071025,90.23,90.23,90.23,90.23,0
SUP004,20071102,99.31,99.31,99.31,99.31,0
SUP004,20071108,108.61,108.61,108.61,108.61,0
SUP004,20071115,94.95,94.95,94.95,94.95,0
SUP004,20071122,102.73,102.73,102.73,102.73,0
SUP004,20071129,99.17,99.17,99.17,99.17,0
SUP004,20071206,98.18,98.18,98.18,98.18,0
SUP004,20071213,97.18,97.18,97.18,97.18,0
SUP004,20071220,96.55,96.55,96.55,96.55,0
SUP004,20071227,96.55,96.55,96.55,96.55,0
SUP004,20080103,99.08,99.08,99.08,99.08,0
SUP004,20080110,99.24,99.24,99.24,99.24,0
SUP004,20080117,98.89,98.89,98.89,98.89,0
SUP004,20080124,94.57,94.57,94.57,94.57,0
SUP004,20080131,93.44,93.44,93.44,93.44,0
SUP004,20080207,89.99,89.99,89.99,89.99,0
SUP004,20080214,95.96,95.96,95.96,95.96,0
SUP004,20080221,103.29,103.29,103.29,103.29,0
SUP004,20080228,109.20,109.20,109.20,109.20,0
SUP004,20080306,111.42,111.42,111.42,111.42,0
SUP004,20080313,118.70,118.70,118.70,118.70,0
SUP004,20080320,127.45,127.45,127.45,127.45,0
SUP004,20080327,114.45,114.45,114.45,114.45,0
SUP004,20080403,106.64,106.64,106.64,106.64,0
SUP004,20080410,111.74,111.74,111.74,111.74,0
SUP004,20080417,115.31,115.31,115.31,115.31,0
SUP004,20080424,117.33,117.33,117.33,117.33,0
SUP004,20080502,109.58,109.58,109.58,109.58,0
SUP004,20080508,111.60,111.60,111.60,111.60,0
SUP004,20080515,114.24,114.24,114.24,114.24,0
SUP004,20080523,118.84,118.84,118.84,118.84,0
SUP004,20080529,120.02,120.02,120.02,120.02,0
SUP004,20080605,114.29,114.29,114.29,114.29,0
SUP004,20080612,119.01,119.01,119.01,119.01,0
SUP004,20080619,122.81,122.81,122.81,122.81,0
SUP004,20080626,125.93,125.93,125.93,125.93,0
SUP004,20080703,134.65,134.65,134.65,134.65,0
SUP004,20080710,125.10,125.10,125.10,125.10,0
SUP004,20080717,134.19,134.19,134.19,134.19,0
SUP004,20080724,116.68,116.68,116.68,116.68,0
SUP004,20080731,106.57,106.57,106.57,106.57,0
SUP004,20080807,100.65,100.65,100.65,100.65,0
SUP004,20080814,93.22,93.22,93.22,93.22,0
SUP004,20080821,98.29,98.29,98.29,98.29,0
SUP004,20080828,99.55,99.55,99.55,99.55,0
SUP004,20080904,99.62,99.62,99.62,99.62,0
SUP004,20080911,105.17,105.17,105.17,105.17,0
SUP004,20080918,110.48,110.48,110.48,110.48,0
SUP004,20080925,102.19,102.19,102.19,102.19,0
SUP004,20081002,108.06,108.06,108.06,108.06,0
SUP004,20081009,122.43,122.43,122.43,122.43,0
SUP004,20081016,128.34,128.34,128.34,128.34,0
SUP004,20081023,131.57,131.57,131.57,131.57,0
SUP004,20081030,132.39,132.39,132.39,132.39,0
SUP004,20081106,127.13,127.13,127.13,127.13,0
SUP004,20081113,133.90,133.90,133.90,133.90,0
SUP004,20081120,137.30,137.30,137.30,137.30,0
SUP004,20081127,137.97,137.97,137.97,137.97,0
SUP004,20081204,141.01,141.01,141.01,141.01,0
SUP004,20081211,144.98,144.98,144.98,144.98,0
SUP004,20081218,151.92,151.92,151.92,151.92,0
SUP004,20081229,152.58,152.58,152.58,152.58,0
SUP004,20090102,154.01,154.01,154.01,154.01,0
SUP004,20090108,148.25,148.25,148.25,148.25,0
SUP004,20090115,153.92,153.92,153.92,153.92,0
SUP004,20090122,156.34,156.34,156.34,156.34,0
SUP004,20090129,157.28,157.28,157.28,157.28,0
SUP004,20090205,158.52,158.52,158.52,158.52,0
SUP004,20090212,154.80,154.80,154.80,154.80,0
SUP004,20090219,161.64,161.64,161.64,161.64,0
SUP004,20090226,162.25,162.25,162.25,162.25,0
SUP004,20090305,162.30,162.30,162.30,162.30,0
SUP004,20090312,159.20,159.20,159.20,159.20,0
SUP004,20090319,153.71,153.71,153.71,153.71,0
SUP004,20090326,148.70,148.70,148.70,148.70,0
SUP004,20090402,150.76,150.76,150.76,150.76,0
SUP004,20090409,137.21,137.21,137.21,137.21,0
SUP004,20090416,135.51,135.51,135.51,135.51,0
SUP004,20090423,138.72,138.72,138.72,138.72,0
SUP004,20090430,140.11,140.11,140.11,140.11,0
SUP004,20090507,124.63,124.63,124.63,124.63,0
SUP004,20090514,116.13,116.13,116.13,116.13,0
SUP004,20090521,119.07,119.07,119.07,119.07,0
SUP004,20090528,116.53,116.53,116.53,116.53,0
SUP004,20090604,109.42,109.42,109.42,109.42,0
SUP004,20090612,107.97,107.97,107.97,107.97,0
SUP004,20090618,103.57,103.57,103.57,103.57,0
SUP004,20090625,105.36,105.36,105.36,105.36,0
SUP004,20090702,104.19,104.19,104.19,104.19,0
SUP004,20090709,112.84,112.84,112.84,112.84,0
SUP004,20090716,111.43,111.43,111.43,111.43,0
SUP004,20090723,96.43,96.43,96.43,96.43,0
SUP004,20090730,91.80,91.80,91.80,91.80,0
SUP004,20090806,86.96,86.96,86.96,86.96,0
SUP004,20090813,86.79,86.79,86.79,86.79,0
SUP004,20090820,89.87,89.87,89.87,89.87,0
SUP004,20090827,91.80,91.80,91.80,91.80,0
SUP004,20090903,97.55,97.55,97.55,97.55,0
SUP004,20090910,98.62,98.62,98.62,98.62,0
SUP004,20090917,97.75,97.75,97.75,97.75,0
SUP004,20090924,97.88,97.88,97.88,97.88,0
SUP004,20091001,101.29,101.29,101.29,101.29,0
SUP004,20091008,105.27,105.27,105.27,105.27,0
SUP004,20091015,101.22,101.22,101.22,101.22,0
SUP004,20091022,96.08,96.08,96.08,96.08,0
SUP004,20091029,88.91,88.91,88.91,88.91,0
SUP004,20091105,89.00,89.00,89.00,89.00,0
SUP004,20091112,95.46,95.46,95.46,95.46,0
SUP004,20091119,100.47,100.47,100.47,100.47,0
SUP004,20091126,101.83,101.83,101.83,101.83,0
SUP004,20091203,106.97,106.97,106.97,106.97,0
SUP004,20091210,93.01,93.01,93.01,93.01,0
SUP004,20091217,89.59,89.59,89.59,89.59,0
SUP004,20091224,87.94,87.94,87.94,87.94,0
SUP004,20091231,89.25,89.25,89.25,89.25,0
SUP004,20100107,95.56,95.56,95.56,95.56,0
SUP004,20100114,95.09,95.09,95.09,95.09,0
SUP004,20100121,93.49,93.49,93.49,93.49,0
SUP004,20100128,78.51,78.51,78.51,78.51,0
SUP004,20100204,74.94,74.94,74.94,74.94,0
SUP004,20100211,71.14,71.14,71.14,71.14,0
SUP004,20100218,74.13,74.13,74.13,74.13,0
SUP004,20100225,74.03,74.03,74.03,74.03,0
SUP004,20100304,78.61,78.61,78.61,78.61,0
SUP004,20100311,82.05,82.05,82.05,82.05,0
SUP004,20100318,83.77,83.77,83.77,83.77,0
SUP004,20100325,84.60,84.60,84.60,84.60,0
SUP004,20100401,87.98,87.98,87.98,87.98,0
SUP004,20100408,96.96,96.96,96.96,96.96,0
SUP004,20100415,97.02,97.02,97.02,97.02,0
SUP004,20100422,96.28,96.28,96.28,96.28,0
SUP004,20100429,93.31,93.31,93.31,93.31,0
SUP004,20100506,89.50,89.50,89.50,89.50,0
SUP004,20100513,79.98,79.98,79.98,79.98,0
SUP004,20100520,77.45,77.45,77.45,77.45,0
SUP004,20100527,77.73,77.73,77.73,77.73,0
SUP004,20100604,77.39,77.39,77.39,77.39,0
SUP004,20100610,79.11,79.11,79.11,79.11,0
SUP004,20100617,75.85,75.85,75.85,75.85,0
SUP004,20100624,75.86,75.86,75.86,75.86,0
SUP004,20100701,78.56,78.56,78.56,78.56,0
SUP004,20100708,75.81,75.81,75.81,75.81,0
SUP004,20100715,72.60,72.60,72.60,72.60,0
SUP004,20100722,72.26,72.26,72.26,72.26,0
SUP004,20100729,71.90,71.90,71.90,71.90,0
SUP004,20100805,78.63,78.63,78.63,78.63,0
SUP004,20100812,77.17,77.17,77.17,77.17,0
SUP004,20100819,76.68,76.68,76.68,76.68,0
SUP004,20100826,77.04,77.04,77.04,77.04,0
SUP004,20100902,78.39,78.39,78.39,78.39,0
SUP004,20100909,78.46,78.46,78.46,78.46,0
SUP004,20100916,77.00,77.00,77.00,77.00,0
SUP004,20100923,77.94,77.94,77.94,77.94,0
SUP004,20100930,82.99,82.99,82.99,82.99,0
SUP004,20101007,87.30,87.30,87.30,87.30,0
SUP004,20101014,90.60,90.60,90.60,90.60,0
SUP004,20101021,87.83,87.83,87.83,87.83,0
SUP004,20101028,91.58,91.58,91.58,91.58,0
SUP004,20101104,93.45,93.45,93.45,93.45,0
SUP004,20101112,98.69,98.69,98.69,98.69,0
SUP004,20101119,85.71,85.71,85.71,85.71,0
SUP004,20101125,84.66,84.66,84.66,84.66,0
SUP004,20101202,87.82,87.82,87.82,87.82,0
SUP004,20101209,93.33,93.33,93.33,93.33,0
SUP004,20101216,92.01,92.01,92.01,92.01,0
SUP004,20101223,96.34,96.34,96.34,96.34,0
SUP004,20101230,99.47,99.47,99.47,99.47,0
SUP004,20110107,95.74,95.74,95.74,95.74,0
SUP004,20110113,96.30,96.30,96.30,96.30,0
SUP004,20110120,95.72,95.72,95.72,95.72,0
SUP004,20110127,90.32,90.32,90.32,90.32,0
SUP004,20110203,97.23,97.23,97.23,97.23,0
SUP004,20110210,96.01,96.01,96.01,96.01,0
SUP004,20110217,94.85,94.85,94.85,94.85,0
SUP004,20110224,96.86,96.86,96.86,96.86,0
SUP004,20110303,104.04,104.04,104.04,104.04,0
SUP004,20110310,102.15,102.15,102.15,102.15,0
SUP004,20110317,103.15,103.15,103.15,103.15,0
SUP004,20110324,103.67,103.67,103.67,103.67,0
SUP004,20110331,99.03,99.03,99.03,99.03,0
SUP004,20110407,102.80,102.80,102.80,102.80,0
SUP004,20110414,102.72,102.72,102.72,102.72,0
SUP004,20110421,103.40,103.40,103.40,103.40,0
SUP004,20110428,109.57,109.57,109.57,109.57,0
SUP004,20110505,111.94,111.94,111.94,111.94,0
SUP004,20110512,103.71,103.71,103.71,103.71,0
SUP004,20110519,99.44,99.44,99.44,99.44,0
SUP004,20110526,98.20,98.20,98.20,98.20,0
SUP004,20110601,99.30,99.30,99.30,99.30,0
SUP004,20110602,99.30,99.30,99.30,99.30,0
SUP004,20110609,98.67,98.67,98.67,98.67,0
SUP004,20110616,97.40,97.40,97.40,97.40,0
SUP004,20110624,98.41,98.41,98.41,98.41,0
SUP004,20110630,96.91,96.91,96.91,96.91,0
SUP004,20110707,96.81,96.81,96.81,96.81,0
SUP004,20110714,101.55,101.55,101.55,101.55,0
SUP004,20110721,101.78,101.78,101.78,101.78,0
SUP004,20110728,105.05,105.05,105.05,105.05,0
SUP004,20110804,105.38,105.38,105.38,105.38,0
SUP004,20110811,106.96,106.96,106.96,106.96,0
SUP004,20110818,106.85,106.85,106.85,106.85,0
SUP004,20110825,109.79,109.79,109.79,109.79,0
SUP004,20110901,109.67,109.67,109.67,109.67,0
SUP004,20110908,108.39,108.39,108.39,108.39,0
SUP004,20110915,105.67,105.67,105.67,105.67,0
SUP004,20110922,104.25,104.25,104.25,104.25,0
SUP004,20110929,100.90,100.90,100.90,100.90,0
SUP004,20111006,106.78,106.78,106.78,106.78,0
SUP004,20111013,99.76,99.76,99.76,99.76,0
SUP004,20111020,98.63,98.63,98.63,98.63,0
SUP004,20111027,97.95,97.95,97.95,97.95,0
SUP004,20111103,94.02,94.02,94.02,94.02,0
SUP004,20111201,81.36,81.36,81.36,81.36,0
SUP004,20111208,80.23,80.23,80.23,80.23,0
SUP004,20111215,78.62,78.62,78.62,78.62,0
SUP004,20111222,76.65,76.65,76.65,76.65,0
SUP004,20111229,75.64,75.64,75.64,75.64,0
SUP004,20120104,75.43,75.43,75.43,75.43,0
SUP004,20120105,75.21,75.21,75.21,75.21,0
SUP004,20120112,75.18,75.18,75.18,75.18,0
SUP004,20120119,75.32,75.32,75.32,75.32,0
SUP004,20120126,73.52,73.52,73.52,73.52,0
SUP004,20120202,76.86,76.86,76.86,76.86,0
SUP004,20120209,78.21,78.21,78.21,78.21,0
SUP004,20120216,76.25,76.25,76.25,76.25,0
SUP004,20120223,77.65,77.65,77.65,77.65,0
SUP004,20120301,79.75,79.75,79.75,79.75,0
SUP004,20120308,76.11,76.11,76.11,76.11,0
SUP004,20120315,75.66,75.66,75.66,75.66,0
SUP004,20120322,72.67,72.67,72.67,72.67,0
SUP004,20120329,71.66,71.66,71.66,71.66,0
SUP004,20120405,70.28,70.28,70.28,70.28,0
SUP004,20120412,71.98,71.98,71.98,71.98,0
SUP004,20120419,69.19,69.19,69.19,69.19,0
SUP004,20120426,70.70,70.70,70.70,70.70,0
SUP004,20120427,70.70,70.70,70.70,70.70,0
SUP004,20120510,74.09,74.09,74.09,74.09,0
SUP004,20120517,78.69,78.69,78.69,78.69,0
SUP004,20120524,79.38,79.38,79.38,79.38,0
SUP004,20120531,81.90,81.90,81.90,81.90,0
SUP004,20120608,82.70,82.70,82.70,82.70,0
SUP004,20120611,79.64,79.64,79.64,79.64,0
SUP004,20120612,83.39,83.39,83.39,83.39,0
SUP004,20120613,82.05,82.05,82.05,82.05,0
SUP004,20120614,81.04,81.04,81.04,81.04,0
SUP004,20120615,80.62,80.62,80.62,80.62,0
SUP004,20120618,81.05,81.05,81.05,81.05,0
SUP004,20120619,80.41,80.41,80.41,80.41,0
SUP004,20120620,79.50,79.50,79.50,79.50,0
SUP004,20120621,77.55,77.55,77.55,77.55,0
SUP004,20120622,76.69,76.69,76.69,76.69,0
SUP004,20120625,79.42,79.42,79.42,79.42,0
SUP004,20120626,79.98,79.98,79.98,79.98,0
SUP004,20120627,80.46,80.46,80.46,80.46,0
SUP004,20120628,80.25,80.25,80.25,80.25,0
SUP004,20120629,79.19,79.19,79.19,79.19,0
SUP004,20120703,75.02,75.02,75.02,75.02,0
SUP004,20120704,75.45,75.45,75.45,75.45,0
SUP004,20120705,73.92,73.92,73.92,73.92,0
SUP004,20120706,74.10,74.10,74.10,74.10,0
SUP004,20120709,75.73,75.73,75.73,75.73,0
SUP004,20120710,77.29,77.29,77.29,77.29,0
SUP004,20120711,77.60,77.60,77.60,77.60,0
SUP004,20120712,78.55,78.55,78.55,78.55,0
SUP004,20120713,78.65,78.65,78.65,78.65,0
SUP004,20120716,80.39,80.39,80.39,80.39,0
SUP004,20120717,79.19,79.19,79.19,79.19,0
SUP004,20120718,79.71,79.71,79.71,79.71,0
SUP004,20120719,78.81,78.81,78.81,78.81,0
SUP004,20120720,80.28,80.28,80.28,80.28,0
SUP004,20120723,79.85,79.85,79.85,79.85,0
SUP004,20120724,81.28,81.28,81.28,81.28,0
SUP004,20120725,81.76,81.76,81.76,81.76,0
SUP004,20120726,82.10,82.10,82.10,82.10,0
SUP004,20120727,81.68,81.68,81.68,81.68,0
SUP004,20120730,79.45,79.45,79.45,79.45,0
SUP004,20120731,77.38,77.38,77.38,77.38,0
SUP004,20120801,78.72,78.72,78.72,78.72,0
SUP004,20120802,78.30,78.30,78.30,78.30,0
SUP004,20120803,78.01,78.01,78.01,78.01,0
SUP004,20120806,78.59,78.59,78.59,78.59,0
SUP004,20120807,77.89,77.89,77.89,77.89,0
SUP004,20120808,77.60,77.60,77.60,77.60,0
SUP004,20120809,76.21,76.21,76.21,76.21,0
SUP004,20120810,76.36,76.36,76.36,76.36,0
SUP004,20120813,76.61,76.61,76.61,76.61,0
SUP004,20120814,77.00,77.00,77.00,77.00,0
SUP004,20120816,76.44,76.44,76.44,76.44,0
SUP004,20120817,75.81,75.81,75.81,75.81,0
SUP004,20120820,75.99,75.99,75.99,75.99,0
SUP004,20120821,76.03,76.03,76.03,76.03,0
SUP004,20120822,75.89,75.89,75.89,75.89,0
SUP004,20120823,76.05,76.05,76.05,76.05,0
SUP004,20120824,75.86,75.86,75.86,75.86,0
SUP004,20120827,76.02,76.02,76.02,76.02,0
SUP004,20120828,76.15,76.15,76.15,76.15,0
SUP004,20120829,75.91,75.91,75.91,75.91,0
SUP004,20120830,75.20,75.20,75.20,75.20,0
SUP004,20120831,74.58,74.58,74.58,74.58,0
SUP004,20120903,73.54,73.54,73.54,73.54,0
SUP004,20120904,75.68,75.68,75.68,75.68,0
SUP004,20120905,76.25,76.25,76.25,76.25,0
SUP004,20120906,75.34,75.34,75.34,75.34,0
SUP004,20120907,75.13,75.13,75.13,75.13,0
SUP004,20120910,77.25,77.25,77.25,77.25,0
SUP004,20120911,78.33,78.33,78.33,78.33,0
SUP004,20120912,77.15,77.15,77.15,77.15,0
SUP004,20120913,77.31,77.31,77.31,77.31,0
SUP004,20120914,76.57,76.57,76.57,76.57,0
SUP004,20120917,78.74,78.74,78.74,78.74,0
SUP004,20120918,79.73,79.73,79.73,79.73,0
SUP004,20120919,77.94,77.94,77.94,77.94,0
SUP004,20120920,77.39,77.39,77.39,77.39,0
SUP004,20120921,76.18,76.18,76.18,76.18,0
SUP004,20120924,75.85,75.85,75.85,75.85,0
SUP004,20120925,76.14,76.14,76.14,76.14,0
SUP004,20120926,74.83,74.83,74.83,74.83,0
SUP004,20120927,74.34,74.34,74.34,74.34,0
SUP004,20120928,70.97,70.97,70.97,70.97,0
SUP004,20121001,74.17,74.17,74.17,74.17,0
SUP004,20121002,72.82,72.82,72.82,72.82,0
SUP004,20121003,73.69,73.69,73.69,73.69,0
SUP004,20121004,73.37,73.37,73.37,73.37,0
SUP004,20121005,73.04,73.04,73.04,73.04,0
SUP004,20121008,74.29,74.29,74.29,74.29,0
SUP004,20121009,74.52,74.52,74.52,74.52,0
SUP004,20121010,73.74,73.74,73.74,73.74,0
SUP004,20121011,72.60,72.60,72.60,72.60,0
SUP004,20121012,72.36,72.36,72.36,72.36,0
SUP004,20121015,73.36,73.36,73.36,73.36,0
SUP004,20121016,72.55,72.55,72.55,72.55,0
SUP004,20121017,71.84,71.84,71.84,71.84,0
SUP004,20121018,72.46,72.46,72.46,72.46,0
SUP004,20121019,73.43,73.43,73.43,73.43,0
SUP004,20121022,72.51,72.51,72.51,72.51,0
SUP004,20121023,70.17,70.17,70.17,70.17,0
SUP004,20121024,70.36,70.36,70.36,70.36,0
SUP004,20121025,68.42,68.42,68.42,68.42,0
SUP004,20121026,68.38,68.38,68.38,68.38,0
SUP004,20121029,68.87,68.87,68.87,68.87,0
SUP004,20121030,68.13,68.13,68.13,68.13,0
SUP004,20121031,68.41,68.41,68.41,68.41,0
SUP004,20121102,68.38,68.38,68.38,68.38,0
SUP004,20121105,68.63,68.63,68.63,68.63,0
SUP004,20121106,70.35,70.35,70.35,70.35,0
SUP004,20121107,69.72,69.72,69.72,69.72,0
SUP004,20121108,67.40,67.40,67.40,67.40,0
SUP004,20121109,68.38,68.38,68.38,68.38,0
SUP004,20121112,67.08,67.08,67.08,67.08,0
SUP004,20121113,67.08,67.08,67.08,67.08,0
SUP004,20121114,66.08,66.08,66.08,66.08,0
SUP004,20121115,65.00,65.00,65.00,65.00,0
SUP004,20121116,64.50,64.50,64.50,64.50,0
SUP004,20121119,65.49,65.49,65.49,65.49,0
SUP004,20121120,65.06,65.06,65.06,65.06,0
SUP004,20121121,63.25,63.25,63.25,63.25,0
SUP004,20121122,62.88,62.88,62.88,62.88,0
SUP004,20121123,62.56,62.56,62.56,62.56,0
SUP004,20121126,62.76,62.76,62.76,62.76,0
SUP004,20121127,61.80,61.80,61.80,61.80,0
SUP004,20121128,62.62,62.62,62.62,62.62,0
SUP004,20121129,62.44,62.44,62.44,62.44,0
SUP004,20121130,63.09,63.09,63.09,63.09,0
SUP004,20121203,63.46,63.46,63.46,63.46,0
SUP004,20121204,63.74,63.74,63.74,63.74,0
SUP004,20121205,63.04,63.04,63.04,63.04,0
SUP004,20121206,62.43,62.43,62.43,62.43,0
SUP004,20121207,63.16,63.16,63.16,63.16,0
SUP004,20121210,63.71,63.71,63.71,63.71,0
SUP004,20121211,64.02,64.02,64.02,64.02,0
SUP004,20121212,65.13,65.13,65.13,65.13,0
SUP004,20121213,65.72,65.72,65.72,65.72,0
SUP004,20121214,66.46,66.46,66.46,66.46,0
SUP004,20121217,65.69,65.69,65.69,65.69,0
SUP004,20121218,66.03,66.03,66.03,66.03,0
SUP004,20121219,65.53,65.53,65.53,65.53,0
SUP004,20121220,66.12,66.12,66.12,66.12,0
SUP004,20121221,65.99,65.99,65.99,65.99,0
SUP004,20121227,64.16,64.16,64.16,64.16,0
SUP004,20121228,64.17,64.17,64.17,64.17,0
SUP004,20130102,66.07,66.07,66.07,66.07,0
SUP004,20130103,69.11,69.11,69.11,69.11,0
SUP004,20130104,69.01,69.01,69.01,69.01,0
SUP004,20130107,68.94,68.94,68.94,68.94,0
SUP004,20130108,68.81,68.81,68.81,68.81,0
SUP004,20130109,68.17,68.17,68.17,68.17,0
SUP004,20130110,69.40,69.40,69.40,69.40,0
SUP004,20130111,69.48,69.48,69.48,69.48,0
SUP004,20130114,68.42,68.42,68.42,68.42,0
SUP004,20130115,68.44,68.44,68.44,68.44,0
SUP004,20130116,67.27,67.27,67.27,67.27,0
SUP004,20130117,67.03,67.03,67.03,67.03,0
SUP004,20130118,67.59,67.59,67.59,67.59,0
SUP004,20130121,67.91,67.91,67.91,67.91,0
SUP004,20130122,68.01,68.01,68.01,68.01,0
SUP004,20130123,68.63,68.63,68.63,68.63,0
SUP004,20130124,68.24,68.24,68.24,68.24,0
SUP004,20130125,69.10,69.10,69.10,69.10,0
SUP004,20130128,69.33,69.33,69.33,69.33,0
SUP004,20130129,69.53,69.53,69.53,69.53,0
SUP004,20130130,70.25,70.25,70.25,70.25,0
SUP004,20130131,69.97,69.97,69.97,69.97,0
SUP004,20130201,70.03,70.03,70.03,70.03,0
SUP004,20130204,71.30,71.30,71.30,71.30,0
SUP004,20130205,69.44,69.44,69.44,69.44,0
SUP004,20130206,69.51,69.51,69.51,69.51,0
SUP004,20130207,69.49,69.49,69.49,69.49,0
SUP004,20130208,68.65,68.65,68.65,68.65,0
SUP004,20130211,69.91,69.91,69.91,69.91,0
SUP004,20130212,69.59,69.59,69.59,69.59,0
SUP004,20130213,70.47,70.47,70.47,70.47,0
SUP004,20130214,70.04,70.04,70.04,70.04,0
SUP004,20130215,70.98,70.98,70.98,70.98,0
SUP004,20130218,71.65,71.65,71.65,71.65,0
SUP004,20130219,71.64,71.64,71.64,71.64,0
SUP004,20130220,71.62,71.62,71.62,71.62,0
SUP004,20130221,71.29,71.29,71.29,71.29,0
SUP004,20130222,70.88,70.88,70.88,70.88,0
SUP004,20130225,71.32,71.32,71.32,71.32,0
SUP004,20130226,69.90,69.90,69.90,69.90,0
SUP004,20130227,68.47,68.47,68.47,68.47,0
SUP004,20130228,69.62,69.62,69.62,69.62,0
SUP004,20130301,71.37,71.37,71.37,71.37,0
SUP004,20130304,73.60,73.60,73.60,73.60,0
SUP004,20130305,73.87,73.87,73.87,73.87,0
SUP004,20130306,72.58,72.58,72.58,72.58,0
SUP004,20130307,73.49,73.49,73.49,73.49,0
SUP004,20130308,71.10,71.10,71.10,71.10,0
SUP004,20130311,71.36,71.36,71.36,71.36,0
SUP004,20130312,71.70,71.70,71.70,71.70,0
SUP004,20130313,71.26,71.26,71.26,71.26,0
SUP004,20130314,72.12,72.12,72.12,72.12,0
SUP004,20130315,72.24,72.24,72.24,72.24,0
SUP004,20130318,72.83,72.83,72.83,72.83,0
SUP004,20130319,73.73,73.73,73.73,73.73,0
SUP004,20130320,74.67,74.67,74.67,74.67,0
SUP004,20130321,74.11,74.11,74.11,74.11,0
SUP004,20130322,74.09,74.09,74.09,74.09,0
SUP004,20130325,73.86,73.86,73.86,73.86,0
SUP004,20130326,73.33,73.33,73.33,73.33,0
SUP004,20130327,74.41,74.41,74.41,74.41,0
SUP004,20130328,74.81,74.81,74.81,74.81,0
SUP004,20130402,73.72,73.72,73.72,73.72,0
SUP004,20130403,73.13,73.13,73.13,73.13,0
SUP004,20130404,74.27,74.27,74.27,74.27,0
SUP004,20130405,75.47,75.47,75.47,75.47,0
SUP004,20130408,77.02,77.02,77.02,77.02,0
SUP004,20130409,75.76,75.76,75.76,75.76,0
SUP004,20130410,73.57,73.57,73.57,73.57,0
SUP004,20130411,75.25,75.25,75.25,75.25,0
SUP004,20130412,76.01,76.01,76.01,76.01,0
SUP004,20130415,85.17,85.17,85.17,85.17,0
SUP004,20130417,83.77,83.77,83.77,83.77,0
SUP004,20130418,85.73,85.73,85.73,85.73,0
SUP004,20130419,86.35,86.35,86.35,86.35,0
SUP004,20130422,86.50,86.50,86.50,86.50,0
SUP004,20130423,85.48,85.48,85.48,85.48,0
SUP004,20130424,86.01,86.01,86.01,86.01,0
SUP004,20130425,84.40,84.40,84.40,84.40,0
SUP004,20130426,82.55,82.55,82.55,82.55,0
SUP004,20130429,84.06,84.06,84.06,84.06,0
SUP004,20130430,85.22,85.22,85.22,85.22,0
SUP004,20130502,84.83,84.83,84.83,84.83,0
SUP004,20130506,82.08,82.08,82.08,82.08,0
SUP004,20130507,80.26,80.26,80.26,80.26,0
SUP004,20130508,79.77,79.77,79.77,79.77,0
SUP004,20130509,79.80,79.80,79.80,79.80,0
SUP004,20130510,80.39,80.39,80.39,80.39,0
SUP004,20130513,78.27,78.27,78.27,78.27,0
SUP004,20130514,78.49,78.49,78.49,78.49,0
SUP004,20130515,79.48,79.48,79.48,79.48,0
SUP004,20130516,80.24,80.24,80.24,80.24,0
SUP004,20130517,79.40,79.40,79.40,79.40,0
SUP004,20130520,79.39,79.39,79.39,79.39,0
SUP004,20130521,80.62,80.62,80.62,80.62,0
SUP004,20130522,80.33,80.33,80.33,80.33,0
SUP004,20130523,81.18,81.18,81.18,81.18,0
SUP004,20130524,79.73,79.73,79.73,79.73,0
SUP004,20130527,79.02,79.02,79.02,79.02,0
SUP004,20130528,79.29,79.29,79.29,79.29,0
SUP004,20130529,78.71,78.71,78.71,78.71,0
SUP004,20130531,76.30,76.30,76.30,76.30,0
SUP004,20130603,75.83,75.83,75.83,75.83,0
SUP004,20130604,74.33,74.33,74.33,74.33,0
SUP004,20130605,74.20,74.20,74.20,74.20,0
SUP004,20130606,72.67,72.67,72.67,72.67,0
SUP004,20130607,71.53,71.53,71.53,71.53,0
SUP004,20130610,73.20,73.20,73.20,73.20,0
SUP004,20130611,73.25,73.25,73.25,73.25,0
SUP004,20130612,73.77,73.77,73.77,73.77,0
SUP004,20130613,73.20,73.20,73.20,73.20,0
SUP004,20130614,73.24,73.24,73.24,73.24,0
SUP004,20130617,73.06,73.06,73.06,73.06,0
SUP004,20130618,73.14,73.14,73.14,73.14,0
SUP004,20130619,74.19,74.19,74.19,74.19,0
SUP004,20130620,73.36,73.36,73.36,73.36,0
SUP004,20130621,74.20,74.20,74.20,74.20,0
SUP004,20130624,72.89,72.89,72.89,72.89,0
SUP004,20130625,73.61,73.61,73.61,73.61,0
SUP004,20130626,72.97,72.97,72.97,72.97,0
SUP004,20130628,74.00,74.00,74.00,74.00,0
SUP004,20130702,72.07,72.07,72.07,72.07,0
SUP004,20130703,71.60,71.60,71.60,71.60,0
SUP004,20130704,72.38,72.38,72.38,72.38,0
SUP004,20130705,72.46,72.46,72.46,72.46,0
SUP004,20130708,74.30,74.30,74.30,74.30,0
SUP004,20130709,73.50,73.50,73.50,73.50,0
SUP004,20130710,73.78,73.78,73.78,73.78,0
SUP004,20130711,74.36,74.36,74.36,74.36,0
SUP004,20130712,72.84,72.84,72.84,72.84,0
SUP004,20130715,73.75,73.75,73.75,73.75,0
SUP004,20130716,73.87,73.87,73.87,73.87,0
SUP004,20130717,73.43,73.43,73.43,73.43,0
SUP004,20130718,73.96,73.96,73.96,73.96,0
SUP004,20130719,74.07,74.07,74.07,74.07,0
SUP004,20130722,73.74,73.74,73.74,73.74,0
SUP004,20130723,73.41,73.41,73.41,73.41,0
SUP004,20130724,73.26,73.26,73.26,73.26,0
SUP004,20130725,72.75,72.75,72.75,72.75,0
SUP004,20130726,72.46,72.46,72.46,72.46,0
SUP004,20130729,72.97,72.97,72.97,72.97,0
SUP004,20130730,72.63,72.63,72.63,72.63,0
SUP004,20130731,73.00,73.00,73.00,73.00,0
SUP004,20130801,73.11,73.11,73.11,73.11,0
SUP004,20130802,75.37,75.37,75.37,75.37,0
SUP004,20130805,74.79,74.79,74.79,74.79,0
SUP004,20130806,74.87,74.87,74.87,74.87,0
SUP004,20130807,73.70,73.70,73.70,73.70,0
SUP004,20130808,73.28,73.28,73.28,73.28,0
SUP004,20130809,72.58,72.58,72.58,72.58,0
SUP004,20130812,73.26,73.26,73.26,73.26,0
SUP004,20130813,72.91,72.91,72.91,72.91,0
SUP004,20130814,74.23,74.23,74.23,74.23,0
SUP004,20130816,73.71,73.71,73.71,73.71,0
SUP004,20130819,73.70,73.70,73.70,73.70,0
SUP004,20130820,72.56,72.56,72.56,72.56,0
SUP004,20130821,71.52,71.52,71.52,71.52,0
SUP004,20130822,70.91,70.91,70.91,70.91,0
SUP004,20130823,71.78,71.78,71.78,71.78,0
SUP004,20130826,72.92,72.92,72.92,72.92,0
SUP004,20130827,72.16,72.16,72.16,72.16,0
SUP004,20130828,72.36,72.36,72.36,72.36,0
SUP004,20130829,72.92,72.92,72.92,72.92,0
SUP004,20130830,72.32,72.32,72.32,72.32,0
SUP004,20130902,70.97,70.97,70.97,70.97,0
SUP004,20130903,71.72,71.72,71.72,71.72,0
SUP004,20130904,72.26,72.26,72.26,72.26,0
SUP004,20130905,72.23,72.23,72.23,72.23,0
SUP004,20130906,73.02,73.02,73.02,73.02,0
SUP004,20130909,73.06,73.06,73.06,73.06,0
SUP004,20130910,72.63,72.63,72.63,72.63,0
SUP004,20130911,72.95,72.95,72.95,72.95,0
SUP004,20130912,72.68,72.68,72.68,72.68,0
SUP004,20130913,72.45,72.45,72.45,72.45,0
SUP004,20130916,72.44,72.44,72.44,72.44,0
SUP004,20130917,72.03,72.03,72.03,72.03,0
SUP004,20130918,71.75,71.75,71.75,71.75,0
SUP004,20130919,71.72,71.72,71.72,71.72,0
SUP004,20130920,71.58,71.58,71.58,71.58,0
SUP004,20130923,71.33,71.33,71.33,71.33,0
SUP004,20130924,70.80,70.80,70.80,70.80,0
SUP004,20130925,70.78,70.78,70.78,70.78,0
SUP004,20130926,70.08,70.08,70.08,70.08,0
SUP004,20130927,69.71,69.71,69.71,69.71,0
SUP004,20130930,69.42,69.42,69.42,69.42,0
SUP004,20131001,68.30,68.30,68.30,68.30,0
SUP004,20131002,68.94,68.94,68.94,68.94,0
SUP004,20131003,68.61,68.61,68.61,68.61,0
SUP004,20131004,68.78,68.78,68.78,68.78,0
SUP004,20131007,68.58,68.58,68.58,68.58,0
SUP004,20131008,67.34,67.34,67.34,67.34,0
SUP004,20131009,66.09,66.09,66.09,66.09,0
SUP004,20131010,65.74,65.74,65.74,65.74,0
SUP004,20131011,66.54,66.54,66.54,66.54,0
SUP004,20131014,67.74,67.74,67.74,67.74,0
SUP004,20131015,67.34,67.34,67.34,67.34,0
SUP004,20131016,67.27,67.27,67.27,67.27,0
SUP004,20131017,67.57,67.57,67.57,67.57,0
SUP004,20131018,68.65,68.65,68.65,68.65,0
SUP004,20131021,69.77,69.77,69.77,69.77,0
SUP004,20131022,69.56,69.56,69.56,69.56,0
SUP004,20131023,70.97,70.97,70.97,70.97,0
SUP004,20131024,70.00,70.00,70.00,70.00,0
SUP004,20131025,70.49,70.49,70.49,70.49,0
SUP004,20131028,70.06,70.06,70.06,70.06,0
SUP004,20131029,70.63,70.63,70.63,70.63,0
SUP004,20131030,70.97,70.97,70.97,70.97,0
SUP004,20131031,71.52,71.52,71.52,71.52,0
SUP004,20131104,70.58,70.58,70.58,70.58,0
SUP004,20131105,70.24,70.24,70.24,70.24,0
SUP004,20131106,68.72,68.72,68.72,68.72,0
SUP004,20131107,69.60,69.60,69.60,69.60,0
SUP004,20131108,68.83,68.83,68.83,68.83,0
SUP004,20131112,68.65,68.65,68.65,68.65,0
SUP004,20131113,68.70,68.70,68.70,68.70,0
SUP004,20131114,69.03,69.03,69.03,69.03,0
SUP004,20131115,69.84,69.84,69.84,69.84,0
SUP004,20131118,69.88,69.88,69.88,69.88,0
SUP004,20131119,70.85,70.85,70.85,70.85,0
SUP004,20131120,70.18,70.18,70.18,70.18,0
SUP004,20131121,70.06,70.06,70.06,70.06,0
SUP004,20131122,70.82,70.82,70.82,70.82,0
SUP004,20131125,70.73,70.73,70.73,70.73,0
SUP004,20131126,71.01,71.01,71.01,71.01,0
SUP004,20131127,70.79,70.79,70.79,70.79,0
SUP004,20131128,71.35,71.35,71.35,71.35,0
SUP004,20131129,71.42,71.42,71.42,71.42,0
SUP004,20131202,71.26,71.26,71.26,71.26,0
SUP004,20131203,71.88,71.88,71.88,71.88,0
SUP004,20131204,70.56,70.56,70.56,70.56,0
SUP004,20131205,69.98,69.98,69.98,69.98,0
SUP004,20131206,69.64,69.64,69.64,69.64,0
SUP004,20131209,71.00,71.00,71.00,71.00,0
SUP004,20131210,71.31,71.31,71.31,71.31,0
SUP004,20131211,69.85,69.85,69.85,69.85,0
SUP004,20131212,68.99,68.99,68.99,68.99,0
SUP004,20131213,69.21,69.21,69.21,69.21,0
SUP004,20131216,68.18,68.18,68.18,68.18,0
SUP004,20131217,68.41,68.41,68.41,68.41,0
SUP004,20131218,68.23,68.23,68.23,68.23,0
SUP004,20131219,69.99,69.99,69.99,69.99,0
SUP004,20131220,72.00,72.00,72.00,72.00,0
SUP004,20131223,72.39,72.39,72.39,72.39,0
SUP004,20131227,72.90,72.90,72.90,72.90,0
SUP004,20131230,74.25,74.25,74.25,74.25,0
SUP004,20140102,73.27,73.27,73.27,73.27,0
SUP004,20140103,69.10,69.10,69.10,69.10,0
SUP004,20140107,68.26,68.26,68.26,68.26,0
SUP004,20140108,69.44,69.44,69.44,69.44,0
SUP004,20140109,69.94,69.94,69.94,69.94,0
SUP004,20140110,68.93,68.93,68.93,68.93,0
SUP004,20140113,69.36,69.36,69.36,69.36,0
SUP004,20140114,68.69,68.69,68.69,68.69,0
SUP004,20140115,69.50,69.50,69.50,69.50,0
SUP004,20140116,70.38,70.38,70.38,70.38,0
SUP004,20140117,70.77,70.77,70.77,70.77,0
SUP004,20140120,70.63,70.63,70.63,70.63,0
SUP004,20140121,70.80,70.80,70.80,70.80,0
SUP004,20140122,71.05,71.05,71.05,71.05,0
SUP004,20140123,71.46,71.46,71.46,71.46,0
SUP004,20140124,71.29,71.29,71.29,71.29,0
SUP004,20140127,69.81,69.81,69.81,69.81,0
SUP004,20140128,68.34,68.34,68.34,68.34,0
SUP004,20140129,68.82,68.82,68.82,68.82,0
SUP004,20140130,69.83,69.83,69.83,69.83,0
SUP004,20140131,69.69,69.69,69.69,69.69,0
SUP004,20140203,69.84,69.84,69.84,69.84,0
SUP004,20140204,69.21,69.21,69.21,69.21,0
SUP004,20140205,68.96,68.96,68.96,68.96,0
SUP004,20140206,68.53,68.53,68.53,68.53,0
SUP004,20140207,68.30,68.30,68.30,68.30,0
SUP004,20140210,70.01,70.01,70.01,70.01,0
SUP004,20140211,69.51,69.51,69.51,69.51,0
SUP004,20140212,69.67,69.67,69.67,69.67,0
SUP004,20140213,68.65,68.65,68.65,68.65,0
SUP004,20140214,70.84,70.84,70.84,70.84,0
SUP004,20140217,70.76,70.76,70.76,70.76,0
SUP004,20140218,70.49,70.49,70.49,70.49,0
SUP004,20140219,72.26,72.26,72.26,72.26,0
SUP004,20140220,73.05,73.05,73.05,73.05,0
SUP004,20140221,72.96,72.96,72.96,72.96,0
SUP004,20140224,73.33,73.33,73.33,73.33,0
SUP004,20140225,73.57,73.57,73.57,73.57,0
SUP004,20140226,73.87,73.87,73.87,73.87,0
SUP004,20140227,74.51,74.51,74.51,74.51,0
SUP004,20140228,75.39,75.39,75.39,75.39,0
SUP004,20140303,74.71,74.71,74.71,74.71,0
SUP004,20140304,74.97,74.97,74.97,74.97,0
SUP004,20140305,75.01,75.01,75.01,75.01,0
SUP004,20140306,73.79,73.79,73.79,73.79,0
SUP004,20140307,74.47,74.47,74.47,74.47,0
SUP004,20140310,75.10,75.10,75.10,75.10,0
SUP004,20140311,74.11,74.11,74.11,74.11,0
SUP004,20140312,74.01,74.01,74.01,74.01,0
SUP004,20140313,73.24,73.24,73.24,73.24,0
SUP004,20140314,72.33,72.33,72.33,72.33,0
SUP004,20140317,71.53,71.53,71.53,71.53,0
SUP004,20140318,71.92,71.92,71.92,71.92,0
SUP004,20140319,73.44,73.44,73.44,73.44,0
SUP004,20140320,72.43,72.43,72.43,72.43,0
SUP004,20140321,71.80,71.80,71.80,71.80,0
SUP004,20140324,71.18,71.18,71.18,71.18,0
SUP004,20140325,71.01,71.01,71.01,71.01,0
SUP004,20140326,71.07,71.07,71.07,71.07,0
SUP004,20140327,70.75,70.75,70.75,70.75,0
SUP004,20140328,71.14,71.14,71.14,71.14,0
SUP004,20140331,70.61,70.61,70.61,70.61,0
SUP004,20140401,71.15,71.15,71.15,71.15,0
SUP004,20140402,71.48,71.48,71.48,71.48,0
SUP004,20140403,71.23,71.23,71.23,71.23,0
SUP004,20140404,71.20,71.20,71.20,71.20,0
SUP004,20140407,69.98,69.98,69.98,69.98,0
SUP004,20140408,69.27,69.27,69.27,69.27,0
SUP004,20140409,69.21,69.21,69.21,69.21,0
SUP004,20140410,70.38,70.38,70.38,70.38,0
SUP004,20140411,69.50,69.50,69.50,69.50,0
SUP004,20140414,68.38,68.38,68.38,68.38,0
SUP004,20140415,68.39,68.39,68.39,68.39,0
SUP004,20140416,69.67,69.67,69.67,69.67,0
SUP004,20140417,70.28,70.28,70.28,70.28,0
SUP004,20140422,70.47,70.47,70.47,70.47,0
SUP004,20140423,70.99,70.99,70.99,70.99,0
SUP004,20140424,70.46,70.46,70.46,70.46,0
SUP004,20140425,70.45,70.45,70.45,70.45,0
SUP004,20140428,69.24,69.24,69.24,69.24,0
SUP004,20140429,69.22,69.22,69.22,69.22,0
SUP004,20140430,70.31,70.31,70.31,70.31,0
SUP004,20140502,69.93,69.93,69.93,69.93,0
SUP004,20140505,68.90,68.90,68.90,68.90,0
SUP004,20140506,68.18,68.18,68.18,68.18,0
SUP004,20140507,67.84,67.84,67.84,67.84,0
SUP004,20140508,68.58,68.58,68.58,68.58,0
SUP004,20140509,68.65,68.65,68.65,68.65,0
SUP004,20140512,68.08,68.08,68.08,68.08,0
SUP004,20140513,68.42,68.42,68.42,68.42,0
SUP004,20140514,69.02,69.02,69.02,69.02,0
SUP004,20140515,69.10,69.10,69.10,69.10,0
SUP004,20140516,68.28,68.28,68.28,68.28,0
SUP004,20140519,68.29,68.29,68.29,68.29,0
SUP004,20140520,68.43,68.43,68.43,68.43,0
SUP004,20140521,68.10,68.10,68.10,68.10,0
SUP004,20140522,68.87,68.87,68.87,68.87,0
SUP004,20140523,68.85,68.85,68.85,68.85,0
SUP004,20140526,69.31,69.31,69.31,69.31,0
SUP004,20140527,69.46,69.46,69.46,69.46,0
SUP004,20140528,70.44,70.44,70.44,70.44,0
SUP004,20140529,70.52,70.52,70.52,70.52,0
SUP004,20140530,71.01,71.01,71.01,71.01,0
SUP004,20140602,71.71,71.71,71.71,71.71,0
SUP004,20140603,71.33,71.33,71.33,71.33,0
SUP004,20140604,70.44,70.44,70.44,70.44,0
SUP004,20140605,70.27,70.27,70.27,70.27,0
SUP004,20140606,71.20,71.20,71.20,71.20,0
SUP004,20140609,71.25,71.25,71.25,71.25,0
SUP004,20140610,71.97,71.97,71.97,71.97,0
SUP004,20140611,71.68,71.68,71.68,71.68,0
SUP004,20140612,71.63,71.63,71.63,71.63,0
SUP004,20140613,72.30,72.30,72.30,72.30,0
SUP004,20140616,71.91,71.91,71.91,71.91,0
SUP004,20140617,71.72,71.72,71.72,71.72,0
SUP004,20140618,72.18,72.18,72.18,72.18,0
SUP004,20140620,72.36,72.36,72.36,72.36,0
SUP004,20140623,72.34,72.34,72.34,72.34,0
SUP004,20140624,72.20,72.20,72.20,72.20,0
SUP004,20140625,71.79,71.79,71.79,71.79,0
SUP004,20140626,71.61,71.61,71.61,71.61,0
SUP004,20140627,71.24,71.24,71.24,71.24,0
SUP004,20140630,71.13,71.13,71.13,71.13,0
SUP004,20140701,71.21,71.21,71.21,71.21,0
SUP004,20140702,71.69,71.69,71.69,71.69,0
SUP004,20140703,71.09,71.09,71.09,71.09,0
SUP004,20140704,71.01,71.01,71.01,71.01,0
SUP004,20140707,71.12,71.12,71.12,71.12,0
SUP004,20140708,70.69,70.69,70.69,70.69,0
SUP004,20140709,70.26,70.26,70.26,70.26,0
SUP004,20140710,70.75,70.75,70.75,70.75,0
SUP004,20140711,70.93,70.93,70.93,70.93,0
SUP004,20140714,71.37,71.37,71.37,71.37,0
SUP004,20140715,70.27,70.27,70.27,70.27,0
SUP004,20140716,70.03,70.03,70.03,70.03,0
SUP004,20140717,69.68,69.68,69.68,69.68,0
SUP004,20140718,69.85,69.85,69.85,69.85,0
SUP004,20140721,70.13,70.13,70.13,70.13,0
SUP004,20140722,70.21,70.21,70.21,70.21,0
SUP004,20140723,70.60,70.60,70.60,70.60,0
SUP004,20140724,70.74,70.74,70.74,70.74,0
SUP004,20140725,70.20,70.20,70.20,70.20,0
SUP004,20140728,70.12,70.12,70.12,70.12,0
SUP004,20140729,70.13,70.13,70.13,70.13,0
SUP004,20140730,70.41,70.41,70.41,70.41,0
SUP004,20140731,70.33,70.33,70.33,70.33,0
SUP004,20140801,69.37,69.37,69.37,69.37,0
SUP004,20140804,69.40,69.40,69.40,69.40,0
SUP004,20140805,69.56,69.56,69.56,69.56,0
SUP004,20140806,69.03,69.03,69.03,69.03,0
SUP004,20140807,68.25,68.25,68.25,68.25,0
SUP004,20140808,68.25,68.25,68.25,68.25,0
SUP004,20140811,68.63,68.63,68.63,68.63,0
SUP004,20140812,69.41,69.41,69.41,69.41,0
SUP004,20140813,69.26,69.26,69.26,69.26,0
SUP004,20140814,70.63,70.63,70.63,70.63,0
SUP004,20140818,71.68,71.68,71.68,71.68,0
SUP004,20140819,72.40,72.40,72.40,72.40,0
SUP004,20140820,73.44,73.44,73.44,73.44,0
SUP004,20140821,73.20,73.20,73.20,73.20,0
SUP004,20140822,73.29,73.29,73.29,73.29,0
SUP004,20140825,73.40,73.40,73.40,73.40,0
SUP004,20140826,75.27,75.27,75.27,75.27,0
SUP004,20140827,75.52,75.52,75.52,75.52,0
SUP004,20140828,75.96,75.96,75.96,75.96,0
SUP004,20140829,75.56,75.56,75.56,75.56,0
SUP004,20140901,76.10,76.10,76.10,76.10,0
SUP004,20140902,76.77,76.77,76.77,76.77,0
SUP004,20140903,76.71,76.71,76.71,76.71,0
SUP004,20140904,76.61,76.61,76.61,76.61,0
SUP004,20140905,77.31,77.31,77.31,77.31,0
SUP004,20140908,77.91,77.91,77.91,77.91,0
SUP004,20140909,78.27,78.27,78.27,78.27,0
SUP004,20140910,77.53,77.53,77.53,77.53,0
SUP004,20140911,77.62,77.62,77.62,77.62,0
SUP004,20140912,77.72,77.72,77.72,77.72,0
SUP004,20140915,76.62,76.62,76.62,76.62,0
SUP004,20140916,76.08,76.08,76.08,76.08,0
SUP004,20140917,76.22,76.22,76.22,76.22,0
SUP004,20140918,76.75,76.75,76.75,76.75,0
SUP004,20140919,77.72,77.72,77.72,77.72,0
SUP004,20140922,78.68,78.68,78.68,78.68,0
SUP004,20140923,78.03,78.03,78.03,78.03,0
SUP004,20140924,77.43,77.43,77.43,77.43,0
SUP004,20140925,78.25,78.25,78.25,78.25,0
SUP004,20140926,76.98,76.98,76.98,76.98,0
SUP004,20140929,77.89,77.89,77.89,77.89,0
SUP004,20140930,77.59,77.59,77.59,77.59,0
SUP004,20141001,78.32,78.32,78.32,78.32,0
SUP004,20141002,77.90,77.90,77.90,77.90,0
SUP004,20141003,76.66,76.66,76.66,76.66,0
SUP004,20141006,77.56,77.56,77.56,77.56,0
SUP004,20141007,77.18,77.18,77.18,77.18,0
SUP004,20141008,76.49,76.49,76.49,76.49,0
SUP004,20141009,77.46,77.46,77.46,77.46,0
SUP004,20141010,77.14,77.14,77.14,77.14,0
SUP004,20141013,76.32,76.32,76.32,76.32,0
SUP004,20141014,75.54,75.54,75.54,75.54,0
SUP004,20141015,76.38,76.38,76.38,76.38,0
SUP004,20141016,77.34,77.34,77.34,77.34,0
SUP004,20141017,75.94,75.94,75.94,75.94,0
SUP004,20141020,75.78,75.78,75.78,75.78,0
SUP004,20141021,77.13,77.13,77.13,77.13,0
SUP004,20141022,76.81,76.81,76.81,76.81,0
SUP004,20141023,77.16,77.16,77.16,77.16,0
SUP004,20141024,77.02,77.02,77.02,77.02,0
SUP004,20141027,77.02,77.02,77.02,77.02,0
SUP004,20141028,77.78,77.78,77.78,77.78,0
SUP004,20141029,77.31,77.31,77.31,77.31,0
SUP004,20141030,75.60,75.60,75.60,75.60,0
SUP004,20141031,76.23,76.23,76.23,76.23,0
SUP004,20141103,76.99,76.99,76.99,76.99,0
SUP004,20141104,77.16,77.16,77.16,77.16,0
SUP004,20141105,77.95,77.95,77.95,77.95,0
SUP004,20141106,78.61,78.61,78.61,78.61,0
SUP004,20141107,79.04,79.04,79.04,79.04,0
SUP004,20141110,79.62,79.62,79.62,79.62,0
SUP004,20141112,79.39,79.39,79.39,79.39,0
SUP004,20141113,78.88,78.88,78.88,78.88,0
SUP004,20141114,79.83,79.83,79.83,79.83,0
SUP004,20141117,79.78,79.78,79.78,79.78,0
SUP004,20141118,80.52,80.52,80.52,80.52,0
SUP004,20141119,80.20,80.20,80.20,80.20,0
SUP004,20141120,80.32,80.32,80.32,80.32,0
SUP004,20141121,81.17,81.17,81.17,81.17,0
SUP004,20141124,82.24,82.24,82.24,82.24,0
SUP004,20141125,82.82,82.82,82.82,82.82,0
SUP004,20141126,83.84,83.84,83.84,83.84,0
SUP004,20141127,84.51,84.51,84.51,84.51,0
SUP004,20141128,85.35,85.35,85.35,85.35,0
SUP004,20141201,86.46,86.46,86.46,86.46,0
SUP004,20141202,83.76,83.76,83.76,83.76,0
SUP004,20141203,84.48,84.48,84.48,84.48,0
SUP004,20141204,84.82,84.82,84.82,84.82,0
SUP004,20141205,84.56,84.56,84.56,84.56,0
SUP004,20141208,85.31,85.31,85.31,85.31,0
SUP004,20141209,84.78,84.78,84.78,84.78,0
SUP004,20141210,84.10,84.10,84.10,84.10,0
SUP004,20141211,83.24,83.24,83.24,83.24,0
SUP004,20141212,83.14,83.14,83.14,83.14,0
SUP004,20141215,83.06,83.06,83.06,83.06,0
SUP004,20141216,82.18,82.18,82.18,82.18,0
SUP004,20141217,81.56,81.56,81.56,81.56,0
SUP004,20141218,81.10,81.10,81.10,81.10,0
SUP004,20141219,82.44,82.44,82.44,82.44,0
SUP004,20141222,83.30,83.30,83.30,83.30,0
SUP004,20141223,83.94,83.94,83.94,83.94,0
SUP004,20141229,82.95,82.95,82.95,82.95,0
SUP004,20141230,84.92,84.92,84.92,84.92,0
SUP004,20150102,84.14,84.14,84.14,84.14,0
SUP004,20150105,85.76,85.76,85.76,85.76,0
SUP004,20150107,85.85,85.85,85.85,85.85,0
SUP004,20150108,86.29,86.29,86.29,86.29,0
SUP004,20150109,85.87,85.87,85.87,85.87,0
SUP004,20150112,86.45,86.45,86.45,86.45,0
SUP004,20150113,86.48,86.48,86.48,86.48,0
SUP004,20150114,86.55,86.55,86.55,86.55,0
SUP004,20150115,86.65,86.65,86.65,86.65,0
SUP004,20150116,85.74,85.74,85.74,85.74,0
SUP004,20150119,85.03,85.03,85.03,85.03,0
SUP004,20150120,85.92,85.92,85.92,85.92,0
SUP004,20150121,86.20,86.20,86.20,86.20,0
SUP004,20150122,86.28,86.28,86.28,86.28,0
SUP004,20150123,86.51,86.51,86.51,86.51,0
SUP004,20150126,88.86,88.86,88.86,88.86,0
SUP004,20150127,89.06,89.06,89.06,89.06,0
SUP004,20150128,88.88,88.88,88.88,88.88,0
SUP004,20150129,89.89,89.89,89.89,89.89,0
SUP004,20150130,89.82,89.82,89.82,89.82,0
SUP004,20150202,90.38,90.38,90.38,90.38,0
SUP004,20150203,89.66,89.66,89.66,89.66,0
SUP004,20150204,88.02,88.02,88.02,88.02,0
SUP004,20150205,88.18,88.18,88.18,88.18,0
SUP004,20150206,87.54,87.54,87.54,87.54,0
SUP004,20150209,87.13,87.13,87.13,87.13,0
SUP004,20150210,86.49,86.49,86.49,86.49,0
SUP004,20150211,86.80,86.80,86.80,86.80,0
SUP004,20150212,86.72,86.72,86.72,86.72,0
SUP004,20150213,87.88,87.88,87.88,87.88,0
SUP004,20150216,88.62,88.62,88.62,88.62,0
SUP004,20150217,88.64,88.64,88.64,88.64,0
SUP004,20150218,86.98,86.98,86.98,86.98,0
SUP004,20150219,88.06,88.06,88.06,88.06,0
SUP004,20150220,89.28,89.28,89.28,89.28,0
SUP004,20150223,89.81,89.81,89.81,89.81,0
SUP004,20150224,91.08,91.08,91.08,91.08,0
SUP004,20150225,91.59,91.59,91.59,91.59,0
SUP004,20150226,92.79,92.79,92.79,92.79,0
SUP004,20150227,93.63,93.63,93.63,93.63,0
SUP004,20150302,93.10,93.10,93.10,93.10,0
SUP004,20150303,92.45,92.45,92.45,92.45,0
SUP004,20150304,89.19,89.19,89.19,89.19,0
SUP004,20150305,88.35,88.35,88.35,88.35,0
SUP004,20150306,89.71,89.71,89.71,89.71,0
SUP004,20150309,88.79,88.79,88.79,88.79,0
SUP004,20150310,88.55,88.55,88.55,88.55,0
SUP004,20150311,87.66,87.66,87.66,87.66,0
SUP004,20150312,90.06,90.06,90.06,90.06,0
SUP004,20150313,91.29,91.29,91.29,91.29,0
SUP004,20150316,91.14,91.14,91.14,91.14,0
SUP004,20150317,92.49,92.49,92.49,92.49,0
SUP004,20150318,92.09,92.09,92.09,92.09,0
SUP004,20150319,94.84,94.84,94.84,94.84,0
SUP004,20150320,96.24,96.24,96.24,96.24,0
SUP004,20150323,97.28,97.28,97.28,97.28,0
SUP004,20150324,95.83,95.83,95.83,95.83,0
SUP004,20150325,96.28,96.28,96.28,96.28,0
SUP004,20150326,93.98,93.98,93.98,93.98,0
SUP004,20150327,90.65,90.65,90.65,90.65,0
SUP004,20150330,92.02,92.02,92.02,92.02,0
SUP004,20150331,94.32,94.32,94.32,94.32,0
SUP004,20150401,93.56,93.56,93.56,93.56,0
SUP004,20150402,94.45,94.45,94.45,94.45,0
SUP004,20150407,94.28,94.28,94.28,94.28,0
SUP004,20150408,96.19,96.19,96.19,96.19,0
SUP004,20150409,97.65,97.65,97.65,97.65,0
SUP004,20150410,98.91,98.91,98.91,98.91,0
SUP004,20150413,99.64,99.64,99.64,99.64,0
SUP004,20150414,100.07,100.07,100.07,100.07,0
SUP004,20150415,100.20,100.20,100.20,100.20,0
SUP004,20150416,100.73,100.73,100.73,100.73,0
SUP004,20150417,99.50,99.50,99.50,99.50,0
SUP004,20150420,97.40,97.40,97.40,97.40,0
SUP004,20150421,97.36,97.36,97.36,97.36,0
SUP004,20150422,98.65,98.65,98.65,98.65,0
SUP004,20150423,97.76,97.76,97.76,97.76,0
SUP004,20150424,97.88,97.88,97.88,97.88,0
SUP004,20150427,99.05,99.05,99.05,99.05,0
SUP004,20150428,98.73,98.73,98.73,98.73,0
SUP004,20150429,97.49,97.49,97.49,97.49,0
SUP004,20150430,93.51,93.51,93.51,93.51,0
SUP004,20150504,89.94,89.94,89.94,89.94,0
SUP004,20150505,89.87,89.87,89.87,89.87,0
SUP004,20150506,85.73,85.73,85.73,85.73,0
SUP004,20150507,82.28,82.28,82.28,82.28,0
SUP004,20150508,81.50,81.50,81.50,81.50,0
SUP004,20150511,84.82,84.82,84.82,84.82,0
SUP004,20150512,84.69,84.69,84.69,84.69,0
SUP004,20150513,83.83,83.83,83.83,83.83,0
SUP004,20150514,83.84,83.84,83.84,83.84,0
SUP004,20150515,83.67,83.67,83.67,83.67,0
SUP004,20150518,85.08,85.08,85.08,85.08,0
SUP004,20150519,85.26,85.26,85.26,85.26,0
SUP004,20150520,85.68,85.68,85.68,85.68,0
SUP004,20150521,86.38,86.38,86.38,86.38,0
SUP004,20150522,87.86,87.86,87.86,87.86,0
SUP004,20150525,87.87,87.87,87.87,87.87,0
SUP004,20150526,88.23,88.23,88.23,88.23,0
SUP004,20150527,87.55,87.55,87.55,87.55,0
SUP004,20150528,88.88,88.88,88.88,88.88,0
SUP004,20150529,88.66,88.66,88.66,88.66,0
SUP004,20150601,88.25,88.25,88.25,88.25,0
SUP004,20150602,87.87,87.87,87.87,87.87,0
SUP004,20150603,85.88,85.88,85.88,85.88,0
SUP004,20150605,85.09,85.09,85.09,85.09,0
SUP004,20150608,84.70,84.70,84.70,84.70,0
SUP004,20150609,83.05,83.05,83.05,83.05,0
SUP004,20150610,81.28,81.28,81.28,81.28,0
SUP004,20150611,81.65,81.65,81.65,81.65,0
SUP004,20150612,84.23,84.23,84.23,84.23,0
SUP004,20150615,83.49,83.49,83.49,83.49,0
SUP004,20150616,82.30,82.30,82.30,82.30,0
SUP004,20150617,82.52,82.52,82.52,82.52,0
SUP004,20150618,82.40,82.40,82.40,82.40,0
SUP004,20150622,82.61,82.61,82.61,82.61,0
SUP004,20150623,82.61,82.61,82.61,82.61,0
SUP004,20150624,84.26,84.26,84.26,84.26,0
SUP004,20150625,84.59,84.59,84.59,84.59,0
SUP004,20150626,83.94,83.94,83.94,83.94,0
SUP004,20150629,84.19,84.19,84.19,84.19,0
SUP004,20150630,83.55,83.55,83.55,83.55,0
SUP004,20150701,84.25,84.25,84.25,84.25,0
SUP004,20150702,84.63,84.63,84.63,84.63,0
SUP004,20150703,84.76,84.76,84.76,84.76,0
SUP004,20150706,85.00,85.00,85.00,85.00,0
SUP004,20150707,84.22,84.22,84.22,84.22,0
SUP004,20150708,85.72,85.72,85.72,85.72,0
SUP004,20150709,82.08,82.08,82.08,82.08,0
SUP004,20150710,83.01,83.01,83.01,83.01,0
SUP004,20150713,83.79,83.79,83.79,83.79,0
SUP004,20150714,85.02,85.02,85.02,85.02,0
SUP004,20150715,86.32,86.32,86.32,86.32,0
SUP004,20150716,87.44,87.44,87.44,87.44,0
SUP004,20150717,88.28,88.28,88.28,88.28,0
SUP004,20150720,89.56,89.56,89.56,89.56,0
SUP004,20150721,90.17,90.17,90.17,90.17,0
SUP004,20150722,89.95,89.95,89.95,89.95,0
SUP004,20150723,89.39,89.39,89.39,89.39,0
SUP004,20150724,89.87,89.87,89.87,89.87,0
SUP004,20150727,88.91,88.91,88.91,88.91,0
SUP004,20150728,87.37,87.37,87.37,87.37,0
SUP004,20150729,87.99,87.99,87.99,87.99,0
SUP004,20150730,88.41,88.41,88.41,88.41,0
SUP004,20150731,89.29,89.29,89.29,89.29,0
SUP004,20150803,89.77,89.77,89.77,89.77,0
SUP004,20150804,90.83,90.83,90.83,90.83,0
SUP004,20150805,91.08,91.08,91.08,91.08,0
SUP004,20150806,91.56,91.56,91.56,91.56,0
SUP004,20150807,90.91,90.91,90.91,90.91,0
SUP004,20150810,91.77,91.77,91.77,91.77,0
SUP004,20150811,92.08,92.08,92.08,92.08,0
SUP004,20150812,93.15,93.15,93.15,93.15,0
SUP004,20150813,90.99,90.99,90.99,90.99,0
SUP004,20150814,92.00,92.00,92.00,92.00,0
SUP004,20150817,91.39,91.39,91.39,91.39,0
SUP004,20150818,92.29,92.29,92.29,92.29,0
SUP004,20150819,92.01,92.01,92.01,92.01,0
SUP004,20150820,91.48,91.48,91.48,91.48,0
SUP004,20150821,90.64,90.64,90.64,90.64,0
SUP004,20150824,89.25,89.25,89.25,89.25,0
SUP004,20150825,88.61,88.61,88.61,88.61,0
SUP004,20150826,84.35,84.35,84.35,84.35,0
SUP004,20150827,85.54,85.54,85.54,85.54,0
SUP004,20150828,83.21,83.21,83.21,83.21,0
SUP004,20150831,82.05,82.05,82.05,82.05,0
SUP004,20150901,80.62,80.62,80.62,80.62,0
SUP004,20150902,81.44,81.44,81.44,81.44,0
SUP004,20150903,81.36,81.36,81.36,81.36,0
SUP004,20150904,79.99,79.99,79.99,79.99,0
SUP004,20150907,81.69,81.69,81.69,81.69,0
SUP004,20150908,82.19,82.19,82.19,82.19,0
SUP004,20150909,81.45,81.45,81.45,81.45,0
SUP004,20150910,82.71,82.71,82.71,82.71,0
SUP004,20150911,82.20,82.20,82.20,82.20,0
SUP004,20150914,81.98,81.98,81.98,81.98,0
SUP004,20150915,81.57,81.57,81.57,81.57,0
SUP004,20150916,81.85,81.85,81.85,81.85,0
SUP004,20150917,81.26,81.26,81.26,81.26,0
SUP004,20150918,80.67,80.67,80.67,80.67,0
SUP004,20150921,81.79,81.79,81.79,81.79,0
SUP004,20150922,82.33,82.33,82.33,82.33,0
SUP004,20150923,82.88,82.88,82.88,82.88,0
SUP004,20150924,83.26,83.26,83.26,83.26,0
SUP004,20150925,81.34,81.34,81.34,81.34,0
SUP004,20150928,80.90,80.90,80.90,80.90,0
SUP004,20150929,80.44,80.44,80.44,80.44,0
SUP004,20150930,80.25,80.25,80.25,80.25,0
SUP004,20151001,80.58,80.58,80.58,80.58,0
SUP004,20151002,81.36,81.36,81.36,81.36,0
SUP004,20151005,81.79,81.79,81.79,81.79,0
SUP004,20151006,80.86,80.86,80.86,80.86,0
SUP004,20151007,79.02,79.02,79.02,79.02,0
SUP004,20151008,78.27,78.27,78.27,78.27,0
SUP004,20151009,77.87,77.87,77.87,77.87,0
SUP004,20151012,77.04,77.04,77.04,77.04,0
SUP004,20151013,77.82,77.82,77.82,77.82,0
SUP004,20151014,78.13,78.13,78.13,78.13,0
SUP004,20151015,77.84,77.84,77.84,77.84,0
SUP004,20151016,78.59,78.59,78.59,78.59,0
SUP004,20151019,79.10,79.10,79.10,79.10,0
SUP004,20151020,80.43,80.43,80.43,80.43,0
SUP004,20151021,79.51,79.51,79.51,79.51,0
SUP004,20151022,80.18,80.18,80.18,80.18,0
SUP004,20151023,81.51,81.51,81.51,81.51,0
SUP004,20151026,83.00,83.00,83.00,83.00,0
SUP004,20151027,83.86,83.86,83.86,83.86,0
SUP004,20151028,84.83,84.83,84.83,84.83,0
SUP004,20151029,84.02,84.02,84.02,84.02,0
SUP004,20151030,83.44,83.44,83.44,83.44,0
SUP004,20151102,82.58,82.58,82.58,82.58,0
SUP004,20151103,82.02,82.02,82.02,82.02,0
SUP004,20151104,80.32,80.32,80.32,80.32,0
SUP004,20151105,81.23,81.23,81.23,81.23,0
SUP004,20151106,81.75,81.75,81.75,81.75,0
SUP004,20151109,81.37,81.37,81.37,81.37,0
SUP004,20151110,81.64,81.64,81.64,81.64,0
SUP004,20151112,83.84,83.84,83.84,83.84,0
SUP004,20151113,83.84,83.84,83.84,83.84,0
SUP004,20151116,83.58,83.58,83.58,83.58,0
SUP004,20151117,85.29,85.29,85.29,85.29,0
SUP004,20151118,86.83,86.83,86.83,86.83,0
SUP004,20151119,87.62,87.62,87.62,87.62,0
SUP004,20151120,88.10,88.10,88.10,88.10,0
SUP004,20151123,88.56,88.56,88.56,88.56,0
SUP004,20151124,87.70,87.70,87.70,87.70,0
SUP004,20151125,86.68,86.68,86.68,86.68,0
SUP004,20151126,87.53,87.53,87.53,87.53,0
SUP004,20151127,87.41,87.41,87.41,87.41,0
SUP004,20151130,89.26,89.26,89.26,89.26,0
SUP004,20151201,89.08,89.08,89.08,89.08,0
SUP004,20151202,89.01,89.01,89.01,89.01,0
SUP004,20151203,89.89,89.89,89.89,89.89,0
SUP004,20151204,87.76,87.76,87.76,87.76,0
SUP004,20151207,85.94,85.94,85.94,85.94,0
SUP004,20151208,89.95,89.95,89.95,89.95,0
SUP004,20151209,89.52,89.52,89.52,89.52,0
SUP004,20151210,89.42,89.42,89.42,89.42,0
SUP004,20151211,90.04,90.04,90.04,90.04,0
SUP004,20151214,90.23,90.23,90.23,90.23,0
SUP004,20151215,91.47,91.47,91.47,91.47,0
SUP004,20151216,90.96,90.96,90.96,90.96,0
SUP004,20151217,90.41,90.41,90.41,90.41,0
SUP004,20151218,91.35,91.35,91.35,91.35,0
SUP004,20151221,90.34,90.34,90.34,90.34,0
SUP004,20151222,88.90,88.90,88.90,88.90,0
SUP004,20151223,89.08,89.08,89.08,89.08,0
SUP004,20151228,87.57,87.57,87.57,87.57,0
SUP004,20151229,86.81,86.81,86.81,86.81,0
SUP004,20151230,84.81,84.81,84.81,84.81,0
SUP004,20160104,85.93,85.93,85.93,85.93,0
SUP004,20160105,87.01,87.01,87.01,87.01,0
SUP004,20160107,86.57,86.57,86.57,86.57,0
SUP004,20160108,85.64,85.64,85.64,85.64,0
SUP004,20160111,84.75,84.75,84.75,84.75,0
SUP004,20160112,87.29,87.29,87.29,87.29,0
SUP004,20160113,87.99,87.99,87.99,87.99,0
SUP004,20160114,88.96,88.96,88.96,88.96,0
SUP004,20160115,88.80,88.80,88.80,88.80,0
SUP004,20160118,91.03,91.03,91.03,91.03,0
SUP004,20160119,90.62,90.62,90.62,90.62,0
SUP004,20160120,90.83,90.83,90.83,90.83,0
SUP004,20160121,91.38,91.38,91.38,91.38,0
SUP004,20160122,89.75,89.75,89.75,89.75,0
SUP004,20160125,89.27,89.27,89.27,89.27,0
SUP004,20160126,89.42,89.42,89.42,89.42,0
SUP004,20160127,88.10,88.10,88.10,88.10,0
SUP004,20160128,86.42,86.42,86.42,86.42,0
SUP004,20160129,86.35,86.35,86.35,86.35,0
SUP004,20160201,86.97,86.97,86.97,86.97,0
SUP004,20160202,89.16,89.16,89.16,89.16,0
SUP004,20160203,90.08,90.08,90.08,90.08,0
SUP004,20160204,89.06,89.06,89.06,89.06,0
SUP004,20160205,87.84,87.84,87.84,87.84,0
SUP004,20160208,88.38,88.38,88.38,88.38,0
SUP004,20160209,89.86,89.86,89.86,89.86,0
SUP004,20160210,91.24,91.24,91.24,91.24,0
