Name,Date,Open,High,Low,Close,Volume
SUP006,20071031,988.86,988.86,988.86,988.86,0
SUP006,20071105,990.12,990.12,990.12,990.12,0
SUP006,20071107,986.06,986.06,986.06,986.06,0
SUP006,20071114,1013.45,1013.45,1013.45,1013.45,0
SUP006,20071121,977.32,977.32,977.32,977.32,0
SUP006,20071128,1006.31,1006.31,1006.31,1006.31,0
SUP006,20071204,1019.79,1019.79,1019.79,1019.79,0
SUP006,20071205,1037.08,1037.08,1037.08,1037.08,0
SUP006,20071212,1012.80,1012.80,1012.80,1012.80,0
SUP006,20071219,991.29,991.29,991.29,991.29,0
SUP006,20071227,1024.36,1024.36,1024.36,1024.36,0
SUP006,20080102,1032.68,1032.68,1032.68,1032.68,0
SUP006,20080103,1033.17,1033.17,1033.17,1033.17,0
SUP006,20080109,983.90,983.90,983.90,983.90,0
SUP006,20080116,935.64,935.64,935.64,935.64,0
SUP006,20080123,946.19,946.19,946.19,946.19,0
SUP006,20080130,981.35,981.35,981.35,981.35,0
SUP006,20080204,999.72,999.72,999.72,999.72,0
SUP006,20080206,986.91,986.91,986.91,986.91,0
SUP006,20080213,965.98,965.98,965.98,965.98,0
SUP006,20080220,933.23,933.23,933.23,933.23,0
SUP006,20080227,936.65,936.65,936.65,936.65,0
SUP006,20080304,907.66,907.66,907.66,907.66,0
SUP006,20080305,919.79,919.79,919.79,919.79,0
SUP006,20080312,924.04,924.04,924.04,924.04,0
SUP006,20080319,900.00,900.00,900.00,900.00,0
SUP006,20080327,908.35,908.35,908.35,908.35,0
SUP006,20080402,939.54,939.54,939.54,939.54,0
SUP006,20080409,915.92,915.92,915.92,915.92,0
SUP006,20080416,878.74,878.74,878.74,878.74,0
SUP006,20080423,809.69,809.69,809.69,809.69,0
SUP006,20080430,798.21,798.21,798.21,798.21,0
SUP006,20080505,784.46,784.46,784.46,784.46,0
SUP006,20080507,782.57,782.57,782.57,782.57,0
SUP006,20080514,742.22,742.22,742.22,742.22,0
SUP006,20080521,737.26,737.26,737.26,737.26,0
SUP006,20080528,724.33,724.33,724.33,724.33,0
SUP006,20080604,731.92,731.92,731.92,731.92,0
SUP006,20080605,731.92,731.92,731.92,731.92,0
SUP006,20080611,762.76,762.76,762.76,762.76,0
SUP006,20080618,798.44,798.44,798.44,798.44,0
SUP006,20080625,797.97,797.97,797.97,797.97,0
SUP006,20080702,788.17,788.17,788.17,788.17,0
SUP006,20080709,787.07,787.07,787.07,787.07,0
SUP006,20080716,769.67,769.67,769.67,769.67,0
SUP006,20080723,777.63,777.63,777.63,777.63,0
SUP006,20080730,771.70,771.70,771.70,771.70,0
SUP006,20080806,771.33,771.33,771.33,771.33,0
SUP006,20080813,772.11,772.11,772.11,772.11,0
SUP006,20080820,772.90,772.90,772.90,772.90,0
SUP006,20080827,773.68,773.68,773.68,773.68,0
SUP006,20080903,774.36,774.36,774.36,774.36,0
SUP006,20080910,775.15,775.15,775.15,775.15,0
SUP006,20080917,775.90,775.90,775.90,775.90,0
SUP006,20080924,776.57,776.57,776.57,776.57,0
SUP006,20081001,777.10,777.10,777.10,777.10,0
SUP006,20081008,777.87,777.87,777.87,777.87,0
SUP006,20081015,775.20,775.20,775.20,775.20,0
SUP006,20081022,771.88,771.88,771.88,771.88,0
SUP006,20081029,759.14,759.14,759.14,759.14,0
SUP006,20081105,767.32,767.32,767.32,767.32,0
SUP006,20081112,761.13,761.13,761.13,761.13,0
SUP006,20081120,760.52,760.52,760.52,760.52,0
SUP006,20081126,762.47,762.47,762.47,762.47,0
SUP006,20081203,762.90,762.90,762.90,762.90,0
SUP006,20081210,762.68,762.68,762.68,762.68,0
SUP006,20081217,766.33,766.33,766.33,766.33,0
SUP006,20081224,764.73,764.73,764.73,764.73,0
SUP006,20081231,765.71,765.71,765.71,765.71,0
SUP006,20090107,767.53,767.53,767.53,767.53,0
SUP006,20090114,767.07,767.07,767.07,767.07,0
SUP006,20090121,770.72,770.72,770.72,770.72,0
SUP006,20090128,772.67,772.67,772.67,772.67,0
SUP006,20090204,808.15,808.15,808.15,808.15,0
SUP006,20090211,781.28,781.28,781.28,781.28,0
SUP006,20090218,831.49,831.49,831.49,831.49,0
SUP006,20090225,812.43,812.43,812.43,812.43,0
SUP006,20090304,821.64,821.64,821.64,821.64,0
SUP006,20090311,798.10,798.10,798.10,798.10,0
SUP006,20090318,780.93,780.93,780.93,780.93,0
SUP006,20090325,775.08,775.08,775.08,775.08,0
SUP006,20090401,784.74,784.74,784.74,784.74,0
SUP006,20090408,762.32,762.32,762.32,762.32,0
SUP006,20090415,738.80,738.80,738.80,738.80,0
SUP006,20090422,759.53,759.53,759.53,759.53,0
SUP006,20090429,764.10,764.10,764.10,764.10,0
SUP006,20090506,751.89,751.89,751.89,751.89,0
SUP006,20090513,742.29,742.29,742.29,742.29,0
SUP006,20090520,745.53,745.53,745.53,745.53,0
SUP006,20090527,756.07,756.07,756.07,756.07,0
SUP006,20090603,764.74,764.74,764.74,764.74,0
SUP006,20090610,757.06,757.06,757.06,757.06,0
SUP006,20090617,761.04,761.04,761.04,761.04,0
SUP006,20090624,765.69,765.69,765.69,765.69,0
SUP006,20090701,745.48,745.48,745.48,745.48,0
SUP006,20090708,748.42,748.42,748.42,748.42,0
SUP006,20090715,728.76,728.76,728.76,728.76,0
SUP006,20090722,716.73,716.73,716.73,716.73,0
SUP006,20090805,685.03,685.03,685.03,685.03,0
SUP006,20090812,699.77,699.77,699.77,699.77,0
SUP006,20090819,693.60,693.60,693.60,693.60,0
SUP006,20090826,676.98,676.98,676.98,676.98,0
SUP006,20090902,695.96,695.96,695.96,695.96,0
SUP006,20090909,690.32,690.32,690.32,690.32,0
SUP006,20090916,692.80,692.80,692.80,692.80,0
SUP006,20090923,691.41,691.41,691.41,691.41,0
SUP006,20090930,700.37,700.37,700.37,700.37,0
SUP006,20091007,706.62,706.62,706.62,706.62,0
SUP006,20091014,709.92,709.92,709.92,709.92,0
SUP006,20091021,684.99,684.99,684.99,684.99,0
SUP006,20091028,673.79,673.79,673.79,673.79,0
SUP006,20091104,663.76,663.76,663.76,663.76,0
SUP006,20091112,671.43,671.43,671.43,671.43,0
SUP006,20091118,678.85,678.85,678.85,678.85,0
SUP006,20091125,680.35,680.35,680.35,680.35,0
SUP006,20091202,683.45,683.45,683.45,683.45,0
SUP006,20091209,680.53,680.53,680.53,680.53,0
SUP006,20091216,679.25,679.25,679.25,679.25,0
SUP006,20091223,680.28,680.28,680.28,680.28,0
SUP006,20091230,677.88,677.88,677.88,677.88,0
SUP006,20100106,681.32,681.32,681.32,681.32,0
SUP006,20100113,685.95,685.95,685.95,685.95,0
SUP006,20100120,681.66,681.66,681.66,681.66,0
SUP006,20100127,669.69,669.69,669.69,669.69,0
SUP006,20100203,671.00,671.00,671.00,671.00,0
SUP006,20100210,666.31,666.31,666.31,666.31,0
SUP006,20100217,671.19,671.19,671.19,671.19,0
SUP006,20100224,676.66,676.66,676.66,676.66,0
SUP006,20100303,672.44,672.44,672.44,672.44,0
SUP006,20100310,675.53,675.53,675.53,675.53,0
SUP006,20100317,675.67,675.67,675.67,675.67,0
SUP006,20100324,680.76,680.76,680.76,680.76,0
SUP006,20100331,677.68,677.68,677.68,677.68,0
SUP006,20100407,686.39,686.39,686.39,686.39,0
SUP006,20100414,690.94,690.94,690.94,690.94,0
SUP006,20100421,688.96,688.96,688.96,688.96,0
SUP006,20100428,691.36,691.36,691.36,691.36,0
SUP006,20100505,698.18,698.18,698.18,698.18,0
SUP006,20100512,701.84,701.84,701.84,701.84,0
SUP006,20100519,698.85,698.85,698.85,698.85,0
SUP006,20100526,713.19,713.19,713.19,713.19,0
SUP006,20100602,726.08,726.08,726.08,726.08,0
SUP006,20100609,725.35,725.35,725.35,725.35,0
SUP006,20100616,726.25,726.25,726.25,726.25,0
SUP006,20100623,724.02,724.02,724.02,724.02,0
SUP006,20100630,726.20,726.20,726.20,726.20,0
SUP006,20100707,719.22,719.22,719.22,719.22,0
SUP006,20100714,712.25,712.25,712.25,712.25,0
SUP006,20100721,710.85,710.85,710.85,710.85,0
SUP006,20100728,702.77,702.77,702.77,702.77,0
SUP006,20100804,698.14,698.14,698.14,698.14,0
SUP006,20100811,695.35,695.35,695.35,695.35,0
SUP006,20100818,691.47,691.47,691.47,691.47,0
SUP006,20100825,699.43,699.43,699.43,699.43,0
SUP006,20100901,702.54,702.54,702.54,702.54,0
SUP006,20100908,701.75,701.75,701.75,701.75,0
SUP006,20100915,708.66,708.66,708.66,708.66,0
SUP006,20100922,706.70,706.70,706.70,706.70,0
SUP006,20100929,707.46,707.46,707.46,707.46,0
SUP006,20101006,703.69,703.69,703.69,703.69,0
SUP006,20101013,709.08,709.08,709.08,709.08,0
SUP006,20101020,702.95,702.95,702.95,702.95,0
SUP006,20101027,701.55,701.55,701.55,701.55,0
SUP006,20101103,702.41,702.41,702.41,702.41,0
SUP006,20101110,709.60,709.60,709.60,709.60,0
SUP006,20101117,709.11,709.11,709.11,709.11,0
SUP006,20101124,707.65,707.65,707.65,707.65,0
SUP006,20101201,713.00,713.00,713.00,713.00,0
SUP006,20101208,722.25,722.25,722.25,722.25,0
SUP006,20101215,720.09,720.09,720.09,720.09,0
SUP006,20101222,722.54,722.54,722.54,722.54,0
SUP006,20101229,730.98,730.98,730.98,730.98,0
SUP006,20110105,722.33,722.33,722.33,722.33,0
SUP006,20110112,717.36,717.36,717.36,717.36,0
SUP006,20110119,713.75,713.75,713.75,713.75,0
SUP006,20110126,697.86,697.86,697.86,697.86,0
SUP006,20110202,698.66,698.66,698.66,698.66,0
SUP006,20110209,703.04,703.04,703.04,703.04,0
SUP006,20110216,708.16,708.16,708.16,708.16,0
SUP006,20110223,710.48,710.48,710.48,710.48,0
SUP006,20110302,710.44,710.44,710.44,710.44,0
SUP006,20110309,717.07,717.07,717.07,717.07,0
SUP006,20110316,712.73,712.73,712.73,712.73,0
SUP006,20110323,703.40,703.40,703.40,703.40,0
SUP006,20110325,703.40,703.40,703.40,703.40,0
SUP006,20110330,703.76,703.76,703.76,703.76,0
SUP006,20110406,698.29,698.29,698.29,698.29,0
SUP006,20110413,702.47,702.47,702.47,702.47,0
SUP006,20110420,700.84,700.84,700.84,700.84,0
SUP006,20110427,693.75,693.75,693.75,693.75,0
SUP006,20110504,696.92,696.92,696.92,696.92,0
SUP006,20110511,706.04,706.04,706.04,706.04,0
SUP006,20110518,704.75,704.75,704.75,704.75,0
SUP006,20110525,702.65,702.65,702.65,702.65,0
SUP006,20110601,703.03,703.03,703.03,703.03,0
SUP006,20110608,696.51,696.51,696.51,696.51,0
SUP006,20110615,696.72,696.72,696.72,696.72,0
SUP006,20110622,698.37,698.37,698.37,698.37,0
SUP006,20110629,691.82,691.82,691.82,691.82,0
SUP006,20110706,686.04,686.04,686.04,686.04,0
SUP006,20110713,696.09,696.09,696.09,696.09,0
SUP006,20110720,697.61,697.61,697.61,697.61,0
SUP006,20110727,696.55,696.55,696.55,696.55,0
SUP006,20110803,691.35,691.35,691.35,691.35,0
SUP006,20110810,670.16,670.16,670.16,670.16,0
SUP006,20110817,690.45,690.45,690.45,690.45,0
SUP006,20110824,695.47,695.47,695.47,695.47,0
SUP006,20110831,686.48,686.48,686.48,686.48,0
SUP006,20110907,689.46,689.46,689.46,689.46,0
SUP006,20110914,696.75,696.75,696.75,696.75,0
SUP006,20110921,691.55,691.55,691.55,691.55,0
SUP006,20110928,680.49,680.49,680.49,680.49,0
SUP006,20111005,681.35,681.35,681.35,681.35,0
SUP006,20111012,682.23,682.23,682.23,682.23,0
SUP006,20111019,672.56,672.56,672.56,672.56,0
SUP006,20111026,670.46,670.46,670.46,670.46,0
SUP006,20111102,668.59,668.59,668.59,668.59,0
SUP006,20111109,670.68,670.68,670.68,670.68,0
SUP006,20111116,656.11,656.11,656.11,656.11,0
SUP006,20111123,652.09,652.09,652.09,652.09,0
SUP006,20111130,647.70,647.70,647.70,647.70,0
SUP006,20111207,650.12,650.12,650.12,650.12,0
SUP006,20111214,646.92,646.92,646.92,646.92,0
SUP006,20111221,649.96,649.96,649.96,649.96,0
SUP006,20111228,651.39,651.39,651.39,651.39,0
SUP006,20120104,647.52,647.52,647.52,647.52,0
SUP006,20120111,650.11,650.11,650.11,650.11,0
SUP006,20120118,655.25,655.25,655.25,655.25,0
SUP006,20120125,656.48,656.48,656.48,656.48,0
SUP006,20120201,660.08,660.08,660.08,660.08,0
SUP006,20120208,660.60,660.60,660.60,660.60,0
SUP006,20120215,659.55,659.55,659.55,659.55,0
SUP006,20120222,659.65,659.65,659.65,659.65,0
SUP006,20120229,661.77,661.77,661.77,661.77,0
SUP006,20120307,642.73,642.73,642.73,642.73,0
SUP006,20120314,657.80,657.80,657.80,657.80,0
SUP006,20120321,658.43,658.43,658.43,658.43,0
SUP006,20120328,660.01,660.01,660.01,660.01,0
SUP006,20120404,655.09,655.09,655.09,655.09,0
SUP006,20120411,638.73,638.73,638.73,638.73,0
SUP006,20120418,645.51,645.51,645.51,645.51,0
SUP006,20120425,624.54,624.54,624.54,624.54,0
SUP006,20120502,638.09,638.09,638.09,638.09,0
SUP006,20120509,623.59,623.59,623.59,623.59,0
SUP006,20120516,598.33,598.33,598.33,598.33,0
SUP006,20120523,590.52,590.52,590.52,590.52,0
SUP006,20120530,585.18,585.18,585.18,585.18,0
SUP006,20120606,573.17,573.17,573.17,573.17,0
SUP006,20120611,595.25,595.25,595.25,595.25,0
SUP006,20120612,600.03,600.03,600.03,600.03,0
SUP006,20120613,604.49,604.49,604.49,604.49,0
SUP006,20120614,604.11,604.11,604.11,604.11,0
SUP006,20120615,603.51,603.51,603.51,603.51,0
SUP006,20120618,607.80,607.80,607.80,607.80,0
SUP006,20120619,609.97,609.97,609.97,609.97,0
SUP006,20120620,620.12,620.12,620.12,620.12,0
SUP006,20120621,620.79,620.79,620.79,620.79,0
SUP006,20120622,616.50,616.50,616.50,616.50,0
SUP006,20120625,611.97,611.97,611.97,611.97,0
SUP006,20120626,609.44,609.44,609.44,609.44,0
SUP006,20120627,613.16,613.16,613.16,613.16,0
SUP006,20120628,617.17,617.17,617.17,617.17,0
SUP006,20120629,614.93,614.93,614.93,614.93,0
SUP006,20120703,623.17,623.17,623.17,623.17,0
SUP006,20120704,626.21,626.21,626.21,626.21,0
SUP006,20120705,627.45,627.45,627.45,627.45,0
SUP006,20120706,627.46,627.46,627.46,627.46,0
SUP006,20120709,622.42,622.42,622.42,622.42,0
SUP006,20120710,618.37,618.37,618.37,618.37,0
SUP006,20120711,618.34,618.34,618.34,618.34,0
SUP006,20120712,611.81,611.81,611.81,611.81,0
SUP006,20120713,610.98,610.98,610.98,610.98,0
SUP006,20120716,614.65,614.65,614.65,614.65,0
SUP006,20120717,615.87,615.87,615.87,615.87,0
SUP006,20120718,618.49,618.49,618.49,618.49,0
SUP006,20120719,619.19,619.19,619.19,619.19,0
SUP006,20120720,620.75,620.75,620.75,620.75,0
SUP006,20120723,611.34,611.34,611.34,611.34,0
SUP006,20120724,597.21,597.21,597.21,597.21,0
SUP006,20120725,598.52,598.52,598.52,598.52,0
SUP006,20120726,597.84,597.84,597.84,597.84,0
SUP006,20120727,602.78,602.78,602.78,602.78,0
SUP006,20120730,612.35,612.35,612.35,612.35,0
SUP006,20120731,617.45,617.45,617.45,617.45,0
SUP006,20120801,618.33,618.33,618.33,618.33,0
SUP006,20120802,615.81,615.81,615.81,615.81,0
SUP006,20120803,615.83,615.83,615.83,615.83,0
SUP006,20120806,626.35,626.35,626.35,626.35,0
SUP006,20120807,633.12,633.12,633.12,633.12,0
SUP006,20120808,634.62,634.62,634.62,634.62,0
SUP006,20120809,638.43,638.43,638.43,638.43,0
SUP006,20120810,645.88,645.88,645.88,645.88,0
SUP006,20120813,643.28,643.28,643.28,643.28,0
SUP006,20120814,645.05,645.05,645.05,645.05,0
SUP006,20120816,647.34,647.34,647.34,647.34,0
SUP006,20120817,649.23,649.23,649.23,649.23,0
SUP006,20120820,644.11,644.11,644.11,644.11,0
SUP006,20120821,643.46,643.46,643.46,643.46,0
SUP006,20120822,643.74,643.74,643.74,643.74,0
SUP006,20120823,639.19,639.19,639.19,639.19,0
SUP006,20120824,639.69,639.69,639.69,639.69,0
SUP006,20120827,640.40,640.40,640.40,640.40,0
SUP006,20120828,637.54,637.54,637.54,637.54,0
SUP006,20120829,634.71,634.71,634.71,634.71,0
SUP006,20120830,631.03,631.03,631.03,631.03,0
SUP006,20120831,630.17,630.17,630.17,630.17,0
SUP006,20120903,634.86,634.86,634.86,634.86,0
SUP006,20120904,635.15,635.15,635.15,635.15,0
SUP006,20120905,633.05,633.05,633.05,633.05,0
SUP006,20120906,638.62,638.62,638.62,638.62,0
SUP006,20120907,646.03,646.03,646.03,646.03,0
SUP006,20120910,652.71,652.71,652.71,652.71,0
SUP006,20120911,655.12,655.12,655.12,655.12,0
SUP006,20120912,659.64,659.64,659.64,659.64,0
SUP006,20120913,659.42,659.42,659.42,659.42,0
SUP006,20120914,666.62,666.62,666.62,666.62,0
SUP006,20120917,678.07,678.07,678.07,678.07,0
SUP006,20120918,674.61,674.61,674.61,674.61,0
SUP006,20120919,676.05,676.05,676.05,676.05,0
SUP006,20120920,675.61,675.61,675.61,675.61,0
SUP006,20120921,669.88,669.88,669.88,669.88,0
SUP006,20120924,668.89,668.89,668.89,668.89,0
SUP006,20120925,668.64,668.64,668.64,668.64,0
SUP006,20120926,666.94,666.94,666.94,666.94,0
SUP006,20120927,663.52,663.52,663.52,663.52,0
SUP006,20120928,665.37,665.37,665.37,665.37,0
SUP006,20121001,667.20,667.20,667.20,667.20,0
SUP006,20121002,673.97,673.97,673.97,673.97,0
SUP006,20121003,674.61,674.61,674.61,674.61,0
SUP006,20121004,671.67,671.67,671.67,671.67,0
SUP006,20121005,673.00,673.00,673.00,673.00,0
SUP006,20121008,679.20,679.20,679.20,679.20,0
SUP006,20121009,675.38,675.38,675.38,675.38,0
SUP006,20121010,671.03,671.03,671.03,671.03,0
SUP006,20121011,674.04,674.04,674.04,674.04,0
SUP006,20121012,672.85,672.85,672.85,672.85,0
SUP006,20121015,670.21,670.21,670.21,670.21,0
SUP006,20121016,673.16,673.16,673.16,673.16,0
SUP006,20121017,678.31,678.31,678.31,678.31,0
SUP006,20121018,680.46,680.46,680.46,680.46,0
SUP006,20121019,678.83,678.83,678.83,678.83,0
SUP006,20121022,669.92,669.92,669.92,669.92,0
SUP006,20121023,665.39,665.39,665.39,665.39,0
SUP006,20121024,658.29,658.29,658.29,658.29,0
SUP006,20121025,659.08,659.08,659.08,659.08,0
SUP006,20121026,657.02,657.02,657.02,657.02,0
SUP006,20121029,656.58,656.58,656.58,656.58,0
SUP006,20121030,656.99,656.99,656.99,656.99,0
SUP006,20121031,658.32,658.32,658.32,658.32,0
SUP006,20121102,657.77,657.77,657.77,657.77,0
SUP006,20121105,661.46,661.46,661.46,661.46,0
SUP006,20121106,663.25,663.25,663.25,663.25,0
SUP006,20121107,661.02,661.02,661.02,661.02,0
SUP006,20121108,656.99,656.99,656.99,656.99,0
SUP006,20121109,654.58,654.58,654.58,654.58,0
SUP006,20121112,653.86,653.86,653.86,653.86,0
SUP006,20121113,657.08,657.08,657.08,657.08,0
SUP006,20121114,659.45,659.45,659.45,659.45,0
SUP006,20121115,663.08,663.08,663.08,663.08,0
SUP006,20121116,660.13,660.13,660.13,660.13,0
SUP006,20121119,663.31,663.31,663.31,663.31,0
SUP006,20121120,669.87,669.87,669.87,669.87,0
SUP006,20121121,671.55,671.55,671.55,671.55,0
SUP006,20121122,668.28,668.28,668.28,668.28,0
SUP006,20121123,670.06,670.06,670.06,670.06,0
SUP006,20121126,671.94,671.94,671.94,671.94,0
SUP006,20121127,676.86,676.86,676.86,676.86,0
SUP006,20121128,676.26,676.26,676.26,676.26,0
SUP006,20121129,677.11,677.11,677.11,677.11,0
SUP006,20121130,679.77,679.77,679.77,679.77,0
SUP006,20121203,683.00,683.00,683.00,683.00,0
SUP006,20121204,688.53,688.53,688.53,688.53,0
SUP006,20121205,691.89,691.89,691.89,691.89,0
SUP006,20121206,696.56,696.56,696.56,696.56,0
SUP006,20121207,697.15,697.15,697.15,697.15,0
SUP006,20121210,694.35,694.35,694.35,694.35,0
SUP006,20121211,700.96,700.96,700.96,700.96,0
SUP006,20121212,707.21,707.21,707.21,707.21,0
SUP006,20121213,710.19,710.19,710.19,710.19,0
SUP006,20121214,710.79,710.79,710.79,710.79,0
SUP006,20121217,712.89,712.89,712.89,712.89,0
SUP006,20121218,716.93,716.93,716.93,716.93,0
SUP006,20121219,723.79,723.79,723.79,723.79,0
SUP006,20121220,726.65,726.65,726.65,726.65,0
SUP006,20121221,719.43,719.43,719.43,719.43,0
SUP006,20121227,720.97,720.97,720.97,720.97,0
SUP006,20121228,722.38,722.38,722.38,722.38,0
SUP006,20130102,726.36,726.36,726.36,726.36,0
SUP006,20130103,730.38,730.38,730.38,730.38,0
SUP006,20130104,732.15,732.15,732.15,732.15,0
SUP006,20130107,725.74,725.74,725.74,725.74,0
SUP006,20130108,724.07,724.07,724.07,724.07,0
SUP006,20130109,719.78,719.78,719.78,719.78,0
SUP006,20130110,721.08,721.08,721.08,721.08,0
SUP006,20130111,721.07,721.07,721.07,721.07,0
SUP006,20130114,721.39,721.39,721.39,721.39,0
SUP006,20130115,718.94,718.94,718.94,718.94,0
SUP006,20130116,715.41,715.41,715.41,715.41,0
SUP006,20130117,721.00,721.00,721.00,721.00,0
SUP006,20130118,723.93,723.93,723.93,723.93,0
SUP006,20130121,725.45,725.45,725.45,725.45,0
SUP006,20130122,726.62,726.62,726.62,726.62,0
SUP006,20130123,726.08,726.08,726.08,726.08,0
SUP006,20130124,724.99,724.99,724.99,724.99,0
SUP006,20130125,725.71,725.71,725.71,725.71,0
SUP006,20130128,719.54,719.54,719.54,719.54,0
SUP006,20130129,716.96,716.96,716.96,716.96,0
SUP006,20130130,716.97,716.97,716.97,716.97,0
SUP006,20130131,712.47,712.47,712.47,712.47,0
SUP006,20130201,713.13,713.13,713.13,713.13,0
SUP006,20130204,714.40,714.40,714.40,714.40,0
SUP006,20130205,711.65,711.65,711.65,711.65,0
SUP006,20130206,711.46,711.46,711.46,711.46,0
SUP006,20130207,709.29,709.29,709.29,709.29,0
SUP006,20130208,708.96,708.96,708.96,708.96,0
SUP006,20130211,713.84,713.84,713.84,713.84,0
SUP006,20130212,713.51,713.51,713.51,713.51,0
SUP006,20130213,711.88,711.88,711.88,711.88,0
SUP006,20130214,711.74,711.74,711.74,711.74,0
SUP006,20130215,710.51,710.51,710.51,710.51,0
SUP006,20130218,713.04,713.04,713.04,713.04,0
SUP006,20130219,713.70,713.70,713.70,713.70,0
SUP006,20130220,712.99,712.99,712.99,712.99,0
SUP006,20130221,707.49,707.49,707.49,707.49,0
SUP006,20130222,705.74,705.74,705.74,705.74,0
SUP006,20130225,706.95,706.95,706.95,706.95,0
SUP006,20130226,709.01,709.01,709.01,709.01,0
SUP006,20130227,704.63,704.63,704.63,704.63,0
SUP006,20130228,709.42,709.42,709.42,709.42,0
SUP006,20130301,711.18,711.18,711.18,711.18,0
SUP006,20130304,710.51,710.51,710.51,710.51,0
SUP006,20130305,711.86,711.86,711.86,711.86,0
SUP006,20130306,719.50,719.50,719.50,719.50,0
SUP006,20130307,721.36,721.36,721.36,721.36,0
SUP006,20130308,723.04,723.04,723.04,723.04,0
SUP006,20130311,726.02,726.02,726.02,726.02,0
SUP006,20130312,724.73,724.73,724.73,724.73,0
SUP006,20130313,721.12,721.12,721.12,721.12,0
SUP006,20130314,721.41,721.41,721.41,721.41,0
SUP006,20130315,725.84,725.84,725.84,725.84,0
SUP006,20130318,721.57,721.57,721.57,721.57,0
SUP006,20130319,712.66,712.66,712.66,712.66,0
SUP006,20130320,708.56,708.56,708.56,708.56,0
SUP006,20130321,708.11,708.11,708.11,708.11,0
SUP006,20130322,702.42,702.42,702.42,702.42,0
SUP006,20130325,693.82,693.82,693.82,693.82,0
SUP006,20130326,688.76,688.76,688.76,688.76,0
SUP006,20130327,691.35,691.35,691.35,691.35,0
SUP006,20130328,692.53,692.53,692.53,692.53,0
SUP006,20130402,692.88,692.88,692.88,692.88,0
SUP006,20130403,689.91,689.91,689.91,689.91,0
SUP006,20130404,683.67,683.67,683.67,683.67,0
SUP006,20130405,682.11,682.11,682.11,682.11,0
SUP006,20130408,681.29,681.29,681.29,681.29,0
SUP006,20130409,682.58,682.58,682.58,682.58,0
SUP006,20130410,687.64,687.64,687.64,687.64,0
SUP006,20130411,693.51,693.51,693.51,693.51,0
SUP006,20130412,697.25,697.25,697.25,697.25,0
SUP006,20130415,680.02,680.02,680.02,680.02,0
SUP006,20130417,674.34,674.34,674.34,674.34,0
SUP006,20130418,658.49,658.49,658.49,658.49,0
SUP006,20130419,657.65,657.65,657.65,657.65,0
SUP006,20130422,659.33,659.33,659.33,659.33,0
SUP006,20130423,663.73,663.73,663.73,663.73,0
SUP006,20130424,667.85,667.85,667.85,667.85,0
SUP006,20130425,671.75,671.75,671.75,671.75,0
SUP006,20130426,672.48,672.48,672.48,672.48,0
SUP006,20130429,678.73,678.73,678.73,678.73,0
SUP006,20130430,680.60,680.60,680.60,680.60,0
SUP006,20130502,678.50,678.50,678.50,678.50,0
SUP006,20130506,687.72,687.72,687.72,687.72,0
SUP006,20130507,696.64,696.64,696.64,696.64,0
SUP006,20130508,702.22,702.22,702.22,702.22,0
SUP006,20130509,700.89,700.89,700.89,700.89,0
SUP006,20130510,701.97,701.97,701.97,701.97,0
SUP006,20130513,701.62,701.62,701.62,701.62,0
SUP006,20130514,706.67,706.67,706.67,706.67,0
SUP006,20130515,713.20,713.20,713.20,713.20,0
SUP006,20130516,715.74,715.74,715.74,715.74,0
SUP006,20130517,720.59,720.59,720.59,720.59,0
SUP006,20130520,717.56,717.56,717.56,717.56,0
SUP006,20130521,716.88,716.88,716.88,716.88,0
SUP006,20130522,714.47,714.47,714.47,714.47,0
SUP006,20130523,708.80,708.80,708.80,708.80,0
SUP006,20130524,708.58,708.58,708.58,708.58,0
SUP006,20130527,715.96,715.96,715.96,715.96,0
SUP006,20130528,723.47,723.47,723.47,723.47,0
SUP006,20130529,723.71,723.71,723.71,723.71,0
SUP006,20130531,725.19,725.19,725.19,725.19,0
SUP006,20130603,723.59,723.59,723.59,723.59,0
SUP006,20130604,722.58,722.58,722.58,722.58,0
SUP006,20130605,721.60,721.60,721.60,721.60,0
SUP006,20130606,719.60,719.60,719.60,719.60,0
SUP006,20130607,726.08,726.08,726.08,726.08,0
SUP006,20130610,725.65,725.65,725.65,725.65,0
SUP006,20130611,723.42,723.42,723.42,723.42,0
SUP006,20130612,724.22,724.22,724.22,724.22,0
SUP006,20130613,721.66,721.66,721.66,721.66,0
SUP006,20130614,721.34,721.34,721.34,721.34,0
SUP006,20130617,723.38,723.38,723.38,723.38,0
SUP006,20130618,721.64,721.64,721.64,721.64,0
SUP006,20130619,720.93,720.93,720.93,720.93,0
SUP006,20130620,716.32,716.32,716.32,716.32,0
SUP006,20130621,708.49,708.49,708.49,708.49,0
SUP006,20130624,699.91,699.91,699.91,699.91,0
SUP006,20130625,697.76,697.76,697.76,697.76,0
SUP006,20130626,701.82,701.82,701.82,701.82,0
SUP006,20130628,700.84,700.84,700.84,700.84,0
SUP006,20130702,704.77,704.77,704.77,704.77,0
SUP006,20130703,704.38,704.38,704.38,704.38,0
SUP006,20130704,705.88,705.88,705.88,705.88,0
SUP006,20130705,699.95,699.95,699.95,699.95,0
SUP006,20130708,695.98,695.98,695.98,695.98,0
SUP006,20130709,692.27,692.27,692.27,692.27,0
SUP006,20130710,699.90,699.90,699.90,699.90,0
SUP006,20130711,709.13,709.13,709.13,709.13,0
SUP006,20130712,715.95,715.95,715.95,715.95,0
SUP006,20130715,718.28,718.28,718.28,718.28,0
SUP006,20130716,718.67,718.67,718.67,718.67,0
SUP006,20130717,719.53,719.53,719.53,719.53,0
SUP006,20130718,721.93,721.93,721.93,721.93,0
SUP006,20130719,724.09,724.09,724.09,724.09,0
SUP006,20130722,725.29,725.29,725.29,725.29,0
SUP006,20130723,727.34,727.34,727.34,727.34,0
SUP006,20130724,729.36,729.36,729.36,729.36,0
SUP006,20130725,729.70,729.70,729.70,729.70,0
SUP006,20130726,726.20,726.20,726.20,726.20,0
SUP006,20130729,727.69,727.69,727.69,727.69,0
SUP006,20130730,728.82,728.82,728.82,728.82,0
SUP006,20130731,734.16,734.16,734.16,734.16,0
SUP006,20130801,740.76,740.76,740.76,740.76,0
SUP006,20130802,754.70,754.70,754.70,754.70,0
SUP006,20130805,758.07,758.07,758.07,758.07,0
SUP006,20130806,751.57,751.57,751.57,751.57,0
SUP006,20130807,751.14,751.14,751.14,751.14,0
SUP006,20130808,759.38,759.38,759.38,759.38,0
SUP006,20130809,763.74,763.74,763.74,763.74,0
SUP006,20130812,769.86,769.86,769.86,769.86,0
SUP006,20130813,772.39,772.39,772.39,772.39,0
SUP006,20130814,779.43,779.43,779.43,779.43,0
SUP006,20130816,776.46,776.46,776.46,776.46,0
SUP006,20130819,769.74,769.74,769.74,769.74,0
SUP006,20130820,765.04,765.04,765.04,765.04,0
SUP006,20130821,762.39,762.39,762.39,762.39,0
SUP006,20130822,767.26,767.26,767.26,767.26,0
SUP006,20130823,771.28,771.28,771.28,771.28,0
SUP006,20130826,770.10,770.10,770.10,770.10,0
SUP006,20130827,756.50,756.50,756.50,756.50,0
SUP006,20130828,747.10,747.10,747.10,747.10,0
SUP006,20130829,751.62,751.62,751.62,751.62,0
SUP006,20130830,751.16,751.16,751.16,751.16,0
SUP006,20130902,758.25,758.25,758.25,758.25,0
SUP006,20130903,759.73,759.73,759.73,759.73,0
SUP006,20130904,749.51,749.51,749.51,749.51,0
SUP006,20130905,730.62,730.62,730.62,730.62,0
SUP006,20130906,735.34,735.34,735.34,735.34,0
SUP006,20130909,747.55,747.55,747.55,747.55,0
SUP006,20130910,767.77,767.77,767.77,767.77,0
SUP006,20130911,778.20,778.20,778.20,778.20,0
SUP006,20130912,781.91,781.91,781.91,781.91,0
SUP006,20130913,780.04,780.04,780.04,780.04,0
SUP006,20130916,779.66,779.66,779.66,779.66,0
SUP006,20130917,779.59,779.59,779.59,779.59,0
SUP006,20130918,781.95,781.95,781.95,781.95,0
SUP006,20130919,787.50,787.50,787.50,787.50,0
SUP006,20130920,791.61,791.61,791.61,791.61,0
SUP006,20130923,789.12,789.12,789.12,789.12,0
SUP006,20130924,787.59,787.59,787.59,787.59,0
SUP006,20130925,789.84,789.84,789.84,789.84,0
SUP006,20130926,793.38,793.38,793.38,793.38,0
SUP006,20130927,794.43,794.43,794.43,794.43,0
SUP006,20130930,789.88,789.88,789.88,789.88,0
SUP006,20131001,794.44,794.44,794.44,794.44,0
SUP006,20131002,796.60,796.60,796.60,796.60,0
SUP006,20131003,796.94,796.94,796.94,796.94,0
SUP006,20131004,797.30,797.30,797.30,797.30,0
SUP006,20131007,795.40,795.40,795.40,795.40,0
SUP006,20131008,794.36,794.36,794.36,794.36,0
SUP006,20131009,793.85,793.85,793.85,793.85,0
SUP006,20131010,800.73,800.73,800.73,800.73,0
SUP006,20131011,807.52,807.52,807.52,807.52,0
SUP006,20131014,809.82,809.82,809.82,809.82,0
SUP006,20131015,811.02,811.02,811.02,811.02,0
SUP006,20131016,816.88,816.88,816.88,816.88,0
SUP006,20131017,813.85,813.85,813.85,813.85,0
SUP006,20131018,821.59,821.59,821.59,821.59,0
SUP006,20131021,837.37,837.37,837.37,837.37,0
SUP006,20131022,841.26,841.26,841.26,841.26,0
SUP006,20131023,835.69,835.69,835.69,835.69,0
SUP006,20131024,840.46,840.46,840.46,840.46,0
SUP006,20131025,841.54,841.54,841.54,841.54,0
SUP006,20131028,843.79,843.79,843.79,843.79,0
SUP006,20131029,851.30,851.30,851.30,851.30,0
SUP006,20131030,849.18,849.18,849.18,849.18,0
SUP006,20131031,846.38,846.38,846.38,846.38,0
SUP006,20131104,847.46,847.46,847.46,847.46,0
SUP006,20131105,843.19,843.19,843.19,843.19,0
SUP006,20131106,847.27,847.27,847.27,847.27,0
SUP006,20131107,844.82,844.82,844.82,844.82,0
SUP006,20131108,839.67,839.67,839.67,839.67,0
SUP006,20131112,837.72,837.72,837.72,837.72,0
SUP006,20131113,829.61,829.61,829.61,829.61,0
SUP006,20131114,835.17,835.17,835.17,835.17,0
SUP006,20131115,847.01,847.01,847.01,847.01,0
SUP006,20131118,863.83,863.83,863.83,863.83,0
SUP006,20131119,861.73,861.73,861.73,861.73,0
SUP006,20131120,857.78,857.78,857.78,857.78,0
SUP006,20131121,858.40,858.40,858.40,858.40,0
SUP006,20131122,862.38,862.38,862.38,862.38,0
SUP006,20131125,868.35,868.35,868.35,868.35,0
SUP006,20131126,862.40,862.40,862.40,862.40,0
SUP006,20131127,866.15,866.15,866.15,866.15,0
SUP006,20131128,863.37,863.37,863.37,863.37,0
SUP006,20131129,866.06,866.06,866.06,866.06,0
SUP006,20131202,859.33,859.33,859.33,859.33,0
SUP006,20131203,843.18,843.18,843.18,843.18,0
SUP006,20131204,833.17,833.17,833.17,833.17,0
SUP006,20131205,827.14,827.14,827.14,827.14,0
SUP006,20131206,827.97,827.97,827.97,827.97,0
SUP006,20131209,830.80,830.80,830.80,830.80,0
SUP006,20131210,831.16,831.16,831.16,831.16,0
SUP006,20131211,825.31,825.31,825.31,825.31,0
SUP006,20131212,814.92,814.92,814.92,814.92,0
SUP006,20131213,810.24,810.24,810.24,810.24,0
SUP006,20131216,813.51,813.51,813.51,813.51,0
SUP006,20131217,804.25,804.25,804.25,804.25,0
SUP006,20131218,802.53,802.53,802.53,802.53,0
SUP006,20131219,804.67,804.67,804.67,804.67,0
SUP006,20131220,807.16,807.16,807.16,807.16,0
SUP006,20131223,813.17,813.17,813.17,813.17,0
SUP006,20131227,817.22,817.22,817.22,817.22,0
SUP006,20131230,818.19,818.19,818.19,818.19,0
SUP006,20140102,820.35,820.35,820.35,820.35,0
SUP006,20140103,817.67,817.67,817.67,817.67,0
SUP006,20140107,811.97,811.97,811.97,811.97,0
SUP006,20140108,811.06,811.06,811.06,811.06,0
SUP006,20140109,800.55,800.55,800.55,800.55,0
SUP006,20140110,798.38,798.38,798.38,798.38,0
SUP006,20140113,806.53,806.53,806.53,806.53,0
SUP006,20140114,813.00,813.00,813.00,813.00,0
SUP006,20140115,820.84,820.84,820.84,820.84,0
SUP006,20140116,823.24,823.24,823.24,823.24,0
SUP006,20140117,820.60,820.60,820.60,820.60,0
SUP006,20140120,820.30,820.30,820.30,820.30,0
SUP006,20140121,825.69,825.69,825.69,825.69,0
SUP006,20140122,830.73,830.73,830.73,830.73,0
SUP006,20140123,826.55,826.55,826.55,826.55,0
SUP006,20140124,804.30,804.30,804.30,804.30,0
SUP006,20140127,793.11,793.11,793.11,793.11,0
SUP006,20140128,800.13,800.13,800.13,800.13,0
SUP006,20140129,797.09,797.09,797.09,797.09,0
SUP006,20140130,801.94,801.94,801.94,801.94,0
SUP006,20140131,804.58,804.58,804.58,804.58,0
SUP006,20140203,804.32,804.32,804.32,804.32,0
SUP006,20140204,800.40,800.40,800.40,800.40,0
SUP006,20140205,799.39,799.39,799.39,799.39,0
SUP006,20140206,817.82,817.82,817.82,817.82,0
SUP006,20140207,824.21,824.21,824.21,824.21,0
SUP006,20140210,819.56,819.56,819.56,819.56,0
SUP006,20140211,830.44,830.44,830.44,830.44,0
SUP006,20140212,842.64,842.64,842.64,842.64,0
SUP006,20140213,847.53,847.53,847.53,847.53,0
SUP006,20140214,850.02,850.02,850.02,850.02,0
SUP006,20140217,852.93,852.93,852.93,852.93,0
SUP006,20140218,850.91,850.91,850.91,850.91,0
SUP006,20140219,851.54,851.54,851.54,851.54,0
SUP006,20140220,846.56,846.56,846.56,846.56,0
SUP006,20140221,851.46,851.46,851.46,851.46,0
SUP006,20140224,862.12,862.12,862.12,862.12,0
SUP006,20140225,860.82,860.82,860.82,860.82,0
SUP006,20140226,851.42,851.42,851.42,851.42,0
SUP006,20140227,844.42,844.42,844.42,844.42,0
SUP006,20140228,858.37,858.37,858.37,858.37,0
SUP006,20140303,816.21,816.21,816.21,816.21,0
SUP006,20140304,827.21,827.21,827.21,827.21,0
SUP006,20140305,836.18,836.18,836.18,836.18,0
SUP006,20140306,841.07,841.07,841.07,841.07,0
SUP006,20140307,831.00,831.00,831.00,831.00,0
SUP006,20140310,815.09,815.09,815.09,815.09,0
SUP006,20140311,809.39,809.39,809.39,809.39,0
SUP006,20140312,795.60,795.60,795.60,795.60,0
SUP006,20140313,777.78,777.78,777.78,777.78,0
SUP006,20140314,767.70,767.70,767.70,767.70,0
SUP006,20140317,784.08,784.08,784.08,784.08,0
SUP006,20140318,792.19,792.19,792.19,792.19,0
SUP006,20140319,787.94,787.94,787.94,787.94,0
SUP006,20140320,791.54,791.54,791.54,791.54,0
SUP006,20140321,791.83,791.83,791.83,791.83,0
SUP006,20140324,785.50,785.50,785.50,785.50,0
SUP006,20140325,800.78,800.78,800.78,800.78,0
SUP006,20140326,812.42,812.42,812.42,812.42,0
SUP006,20140327,816.63,816.63,816.63,816.63,0
SUP006,20140328,822.59,822.59,822.59,822.59,0
SUP006,20140331,831.85,831.85,831.85,831.85,0
SUP006,20140401,837.65,837.65,837.65,837.65,0
SUP006,20140402,842.94,842.94,842.94,842.94,0
SUP006,20140403,837.71,837.71,837.71,837.71,0
SUP006,20140404,843.84,843.84,843.84,843.84,0
SUP006,20140407,834.39,834.39,834.39,834.39,0
SUP006,20140408,835.24,835.24,835.24,835.24,0
SUP006,20140409,837.62,837.62,837.62,837.62,0
SUP006,20140410,834.23,834.23,834.23,834.23,0
SUP006,20140411,826.99,826.99,826.99,826.99,0
SUP006,20140414,816.44,816.44,816.44,816.44,0
SUP006,20140415,798.87,798.87,798.87,798.87,0
SUP006,20140416,802.03,802.03,802.03,802.03,0
SUP006,20140417,810.39,810.39,810.39,810.39,0
SUP006,20140422,828.60,828.60,828.60,828.60,0
SUP006,20140423,826.02,826.02,826.02,826.02,0
SUP006,20140424,823.77,823.77,823.77,823.77,0
SUP006,20140425,808.67,808.67,808.67,808.67,0
SUP006,20140428,811.88,811.88,811.88,811.88,0
SUP006,20140429,821.60,821.60,821.60,821.60,0
SUP006,20140430,819.72,819.72,819.72,819.72,0
SUP006,20140502,816.65,816.65,816.65,816.65,0
SUP006,20140505,808.62,808.62,808.62,808.62,0
SUP006,20140506,800.02,800.02,800.02,800.02,0
SUP006,20140507,795.30,795.30,795.30,795.30,0
SUP006,20140508,802.00,802.00,802.00,802.00,0
SUP006,20140509,792.77,792.77,792.77,792.77,0
SUP006,20140512,801.53,801.53,801.53,801.53,0
SUP006,20140513,803.95,803.95,803.95,803.95,0
SUP006,20140514,808.67,808.67,808.67,808.67,0
SUP006,20140515,796.50,796.50,796.50,796.50,0
SUP006,20140516,793.61,793.61,793.61,793.61,0
SUP006,20140519,795.20,795.20,795.20,795.20,0
SUP006,20140520,797.81,797.81,797.81,797.81,0
SUP006,20140521,801.82,801.82,801.82,801.82,0
SUP006,20140522,818.62,818.62,818.62,818.62,0
SUP006,20140523,824.95,824.95,824.95,824.95,0
SUP006,20140526,834.46,834.46,834.46,834.46,0
SUP006,20140527,835.63,835.63,835.63,835.63,0
SUP006,20140528,829.26,829.26,829.26,829.26,0
SUP006,20140529,835.37,835.37,835.37,835.37,0
SUP006,20140530,830.33,830.33,830.33,830.33,0
SUP006,20140602,834.13,834.13,834.13,834.13,0
SUP006,20140603,835.75,835.75,835.75,835.75,0
SUP006,20140604,838.47,838.47,838.47,838.47,0
SUP006,20140605,847.73,847.73,847.73,847.73,0
SUP006,20140606,856.39,856.39,856.39,856.39,0
SUP006,20140609,857.87,857.87,857.87,857.87,0
SUP006,20140610,859.20,859.20,859.20,859.20,0
SUP006,20140611,851.07,851.07,851.07,851.07,0
SUP006,20140612,849.48,849.48,849.48,849.48,0
SUP006,20140613,844.15,844.15,844.15,844.15,0
SUP006,20140616,837.53,837.53,837.53,837.53,0
SUP006,20140617,842.22,842.22,842.22,842.22,0
SUP006,20140618,843.79,843.79,843.79,843.79,0
SUP006,20140620,847.37,847.37,847.37,847.37,0
SUP006,20140623,847.66,847.66,847.66,847.66,0
SUP006,20140624,843.18,843.18,843.18,843.18,0
SUP006,20140625,829.25,829.25,829.25,829.25,0
SUP006,20140626,821.83,821.83,821.83,821.83,0
SUP006,20140627,819.72,819.72,819.72,819.72,0
SUP006,20140630,819.75,819.75,819.75,819.75,0
SUP006,20140701,823.64,823.64,823.64,823.64,0
SUP006,20140702,818.22,818.22,818.22,818.22,0
SUP006,20140703,816.62,816.62,816.62,816.62,0
SUP006,20140704,815.13,815.13,815.13,815.13,0
SUP006,20140707,814.63,814.63,814.63,814.63,0
SUP006,20140708,804.38,804.38,804.38,804.38,0
SUP006,20140709,798.58,798.58,798.58,798.58,0
SUP006,20140710,789.88,789.88,789.88,789.88,0
SUP006,20140711,799.98,799.98,799.98,799.98,0
SUP006,20140714,804.11,804.11,804.11,804.11,0
SUP006,20140715,802.11,802.11,802.11,802.11,0
SUP006,20140716,809.64,809.64,809.64,809.64,0
SUP006,20140717,805.56,805.56,805.56,805.56,0
SUP006,20140718,803.21,803.21,803.21,803.21,0
SUP006,20140721,795.40,795.40,795.40,795.40,0
SUP006,20140722,807.83,807.83,807.83,807.83,0
SUP006,20140723,808.41,808.41,808.41,808.41,0
SUP006,20140724,811.96,811.96,811.96,811.96,0
SUP006,20140725,809.56,809.56,809.56,809.56,0
SUP006,20140728,808.87,808.87,808.87,808.87,0
SUP006,20140729,804.98,804.98,804.98,804.98,0
SUP006,20140730,791.93,791.93,791.93,791.93,0
SUP006,20140731,777.39,777.39,777.39,777.39,0
SUP006,20140801,775.08,775.08,775.08,775.08,0
SUP006,20140804,782.48,782.48,782.48,782.48,0
SUP006,20140805,782.48,782.48,782.48,782.48,0
SUP006,20140806,774.63,774.63,774.63,774.63,0
SUP006,20140807,759.31,759.31,759.31,759.31,0
SUP006,20140808,748.95,748.95,748.95,748.95,0
SUP006,20140811,763.46,763.46,763.46,763.46,0
SUP006,20140812,764.72,764.72,764.72,764.72,0
SUP006,20140813,774.14,774.14,774.14,774.14,0
SUP006,20140814,782.71,782.71,782.71,782.71,0
SUP006,20140818,796.70,796.70,796.70,796.70,0
SUP006,20140819,801.06,801.06,801.06,801.06,0
SUP006,20140820,803.28,803.28,803.28,803.28,0
SUP006,20140821,806.52,806.52,806.52,806.52,0
SUP006,20140822,802.36,802.36,802.36,802.36,0
SUP006,20140825,812.89,812.89,812.89,812.89,0
SUP006,20140826,824.18,824.18,824.18,824.18,0
SUP006,20140827,823.96,823.96,823.96,823.96,0
SUP006,20140828,805.52,805.52,805.52,805.52,0
SUP006,20140829,805.58,805.58,805.58,805.58,0
SUP006,20140901,812.10,812.10,812.10,812.10,0
SUP006,20140902,819.32,819.32,819.32,819.32,0
SUP006,20140903,839.65,839.65,839.65,839.65,0
SUP006,20140904,854.55,854.55,854.55,854.55,0
SUP006,20140905,858.20,858.20,858.20,858.20,0
SUP006,20140908,859.32,859.32,859.32,859.32,0
SUP006,20140909,856.25,856.25,856.25,856.25,0
SUP006,20140910,853.09,853.09,853.09,853.09,0
SUP006,20140911,845.16,845.16,845.16,845.16,0
SUP006,20140912,845.43,845.43,845.43,845.43,0
SUP006,20140915,844.17,844.17,844.17,844.17,0
SUP006,20140916,850.11,850.11,850.11,850.11,0
SUP006,20140917,858.40,858.40,858.40,858.40,0
SUP006,20140918,858.18,858.18,858.18,858.18,0
SUP006,20140919,868.38,868.38,868.38,868.38,0
SUP006,20140922,862.34,862.34,862.34,862.34,0
SUP006,20140923,845.41,845.41,845.41,845.41,0
SUP006,20140924,844.70,844.70,844.70,844.70,0
SUP006,20140925,836.53,836.53,836.53,836.53,0
SUP006,20140926,842.98,842.98,842.98,842.98,0
SUP006,20140929,837.34,837.34,837.34,837.34,0
SUP006,20140930,846.15,846.15,846.15,846.15,0
SUP006,20141001,830.52,830.52,830.52,830.52,0
SUP006,20141002,811.46,811.46,811.46,811.46,0
SUP006,20141003,815.94,815.94,815.94,815.94,0
SUP006,20141006,817.71,817.71,817.71,817.71,0
SUP006,20141007,810.24,810.24,810.24,810.24,0
SUP006,20141008,799.15,799.15,799.15,799.15,0
SUP006,20141009,799.54,799.54,799.54,799.54,0
SUP006,20141010,784.47,784.47,784.47,784.47,0
SUP006,20141013,781.79,781.79,781.79,781.79,0
SUP006,20141014,783.31,783.31,783.31,783.31,0
SUP006,20141015,767.19,767.19,767.19,767.19,0
SUP006,20141016,763.95,763.95,763.95,763.95,0
SUP006,20141017,776.29,776.29,776.29,776.29,0
SUP006,20141020,773.45,773.45,773.45,773.45,0
SUP006,20141021,791.31,791.31,791.31,791.31,0
SUP006,20141022,795.63,795.63,795.63,795.63,0
SUP006,20141023,801.57,801.57,801.57,801.57,0
SUP006,20141024,802.59,802.59,802.59,802.59,0
SUP006,20141027,798.56,798.56,798.56,798.56,0
SUP006,20141028,810.62,810.62,810.62,810.62,0
SUP006,20141029,805.69,805.69,805.69,805.69,0
SUP006,20141030,805.00,805.00,805.00,805.00,0
SUP006,20141031,818.67,818.67,818.67,818.67,0
SUP006,20141103,815.01,815.01,815.01,815.01,0
SUP006,20141104,811.86,811.86,811.86,811.86,0
SUP006,20141105,811.50,811.50,811.50,811.50,0
SUP006,20141106,808.49,808.49,808.49,808.49,0
SUP006,20141107,802.02,802.02,802.02,802.02,0
SUP006,20141110,801.71,801.71,801.71,801.71,0
SUP006,20141112,797.51,797.51,797.51,797.51,0
SUP006,20141113,794.70,794.70,794.70,794.70,0
SUP006,20141114,801.05,801.05,801.05,801.05,0
SUP006,20141117,803.68,803.68,803.68,803.68,0
SUP006,20141118,808.81,808.81,808.81,808.81,0
SUP006,20141119,807.66,807.66,807.66,807.66,0
SUP006,20141120,800.33,800.33,800.33,800.33,0
SUP006,20141121,814.82,814.82,814.82,814.82,0
SUP006,20141124,813.12,813.12,813.12,813.12,0
SUP006,20141125,816.67,816.67,816.67,816.67,0
SUP006,20141126,819.62,819.62,819.62,819.62,0
SUP006,20141127,822.66,822.66,822.66,822.66,0
SUP006,20141128,819.06,819.06,819.06,819.06,0
SUP006,20141201,818.32,818.32,818.32,818.32,0
SUP006,20141202,825.30,825.30,825.30,825.30,0
SUP006,20141203,828.88,828.88,828.88,828.88,0
SUP006,20141204,817.35,817.35,817.35,817.35,0
SUP006,20141205,829.15,829.15,829.15,829.15,0
SUP006,20141208,823.98,823.98,823.98,823.98,0
SUP006,20141209,804.65,804.65,804.65,804.65,0
SUP006,20141210,795.91,795.91,795.91,795.91,0
SUP006,20141211,797.59,797.59,797.59,797.59,0
SUP006,20141212,781.47,781.47,781.47,781.47,0
SUP006,20141215,760.31,760.31,760.31,760.31,0
SUP006,20141216,746.66,746.66,746.66,746.66,0
SUP006,20141217,752.12,752.12,752.12,752.12,0
SUP006,20141218,771.88,771.88,771.88,771.88,0
SUP006,20141219,769.03,769.03,769.03,769.03,0
SUP006,20141222,776.13,776.13,776.13,776.13,0
SUP006,20141223,776.40,776.40,776.40,776.40,0
SUP006,20141229,767.62,767.62,767.62,767.62,0
SUP006,20141230,767.02,767.02,767.02,767.02,0
SUP006,20150102,767.14,767.14,767.14,767.14,0
SUP006,20150105,743.08,743.08,743.08,743.08,0
SUP006,20150107,753.84,753.84,753.84,753.84,0
SUP006,20150108,780.46,780.46,780.46,780.46,0
SUP006,20150109,767.54,767.54,767.54,767.54,0
SUP006,20150112,770.31,770.31,770.31,770.31,0
SUP006,20150113,784.39,784.39,784.39,784.39,0
SUP006,20150114,774.16,774.16,774.16,774.16,0
SUP006,20150115,758.19,758.19,758.19,758.19,0
SUP006,20150116,754.48,754.48,754.48,754.48,0
SUP006,20150119,757.34,757.34,757.34,757.34,0
SUP006,20150120,758.71,758.71,758.71,758.71,0
SUP006,20150121,771.49,771.49,771.49,771.49,0
SUP006,20150122,787.06,787.06,787.06,787.06,0
SUP006,20150123,793.76,793.76,793.76,793.76,0
SUP006,20150126,795.61,795.61,795.61,795.61,0
SUP006,20150127,792.52,792.52,792.52,792.52,0
SUP006,20150128,793.45,793.45,793.45,793.45,0
SUP006,20150129,802.81,802.81,802.81,802.81,0
SUP006,20150130,803.31,803.31,803.31,803.31,0
SUP006,20150202,801.25,801.25,801.25,801.25,0
SUP006,20150203,807.70,807.70,807.70,807.70,0
SUP006,20150204,808.62,808.62,808.62,808.62,0
SUP006,20150205,808.52,808.52,808.52,808.52,0
SUP006,20150206,810.95,810.95,810.95,810.95,0
SUP006,20150209,801.59,801.59,801.59,801.59,0
SUP006,20150210,805.44,805.44,805.44,805.44,0
SUP006,20150211,802.89,802.89,802.89,802.89,0
SUP006,20150212,809.27,809.27,809.27,809.27,0
SUP006,20150213,815.74,815.74,815.74,815.74,0
SUP006,20150216,819.04,819.04,819.04,819.04,0
SUP006,20150217,820.35,820.35,820.35,820.35,0
SUP006,20150218,822.31,822.31,822.31,822.31,0
SUP006,20150219,825.76,825.76,825.76,825.76,0
SUP006,20150220,827.12,827.12,827.12,827.12,0
SUP006,20150223,832.68,832.68,832.68,832.68,0
SUP006,20150224,836.65,836.65,836.65,836.65,0
SUP006,20150225,834.53,834.53,834.53,834.53,0
SUP006,20150226,841.18,841.18,841.18,841.18,0
SUP006,20150227,847.45,847.45,847.45,847.45,0
SUP006,20150302,848.50,848.50,848.50,848.50,0
SUP006,20150303,839.95,839.95,839.95,839.95,0
SUP006,20150304,844.56,844.56,844.56,844.56,0
SUP006,20150305,855.10,855.10,855.10,855.10,0
SUP006,20150306,855.37,855.37,855.37,855.37,0
SUP006,20150309,854.59,854.59,854.59,854.59,0
SUP006,20150310,845.52,845.52,845.52,845.52,0
SUP006,20150311,853.92,853.92,853.92,853.92,0
SUP006,20150312,854.54,854.54,854.54,854.54,0
SUP006,20150313,852.51,852.51,852.51,852.51,0
SUP006,20150316,858.06,858.06,858.06,858.06,0
SUP006,20150317,856.71,856.71,856.71,856.71,0
SUP006,20150318,856.34,856.34,856.34,856.34,0
SUP006,20150319,863.28,863.28,863.28,863.28,0
SUP006,20150320,872.75,872.75,872.75,872.75,0
SUP006,20150323,871.41,871.41,871.41,871.41,0
SUP006,20150324,872.78,872.78,872.78,872.78,0
SUP006,20150325,867.58,867.58,867.58,867.58,0
SUP006,20150326,860.11,860.11,860.11,860.11,0
SUP006,20150327,862.07,862.07,862.07,862.07,0
SUP006,20150330,868.08,868.08,868.08,868.08,0
SUP006,20150331,868.16,868.16,868.16,868.16,0
SUP006,20150401,870.35,870.35,870.35,870.35,0
SUP006,20150402,871.10,871.10,871.10,871.10,0
SUP006,20150407,879.91,879.91,879.91,879.91,0
SUP006,20150408,876.90,876.90,876.90,876.90,0
SUP006,20150409,884.50,884.50,884.50,884.50,0
SUP006,20150410,888.00,888.00,888.00,888.00,0
SUP006,20150413,887.55,887.55,887.55,887.55,0
SUP006,20150414,884.18,884.18,884.18,884.18,0
SUP006,20150415,893.34,893.34,893.34,893.34,0
SUP006,20150416,895.59,895.59,895.59,895.59,0
SUP006,20150417,887.09,887.09,887.09,887.09,0
SUP006,20150420,893.66,893.66,893.66,893.66,0
SUP006,20150421,895.76,895.76,895.76,895.76,0
SUP006,20150422,897.14,897.14,897.14,897.14,0
SUP006,20150423,897.13,897.13,897.13,897.13,0
SUP006,20150424,897.86,897.86,897.86,897.86,0
SUP006,20150427,904.10,904.10,904.10,904.10,0
SUP006,20150428,905.91,905.91,905.91,905.91,0
SUP006,20150429,901.14,901.14,901.14,901.14,0
SUP006,20150430,900.58,900.58,900.58,900.58,0
SUP006,20150504,903.26,903.26,903.26,903.26,0
SUP006,20150505,903.22,903.22,903.22,903.22,0
SUP006,20150506,904.66,904.66,904.66,904.66,0
SUP006,20150507,902.32,902.32,902.32,902.32,0
SUP006,20150508,909.04,909.04,909.04,909.04,0
SUP006,20150511,910.92,910.92,910.92,910.92,0
SUP006,20150512,909.93,909.93,909.93,909.93,0
SUP006,20150513,910.11,910.11,910.11,910.11,0
SUP006,20150514,906.72,906.72,906.72,906.72,0
SUP006,20150515,907.73,907.73,907.73,907.73,0
SUP006,20150518,908.30,908.30,908.30,908.30,0
SUP006,20150519,907.49,907.49,907.49,907.49,0
SUP006,20150520,906.89,906.89,906.89,906.89,0
SUP006,20150521,908.68,908.68,908.68,908.68,0
SUP006,20150522,908.02,908.02,908.02,908.02,0
SUP006,20150525,901.24,901.24,901.24,901.24,0
SUP006,20150526,898.73,898.73,898.73,898.73,0
SUP006,20150527,899.46,899.46,899.46,899.46,0
SUP006,20150528,897.76,897.76,897.76,897.76,0
SUP006,20150529,896.74,896.74,896.74,896.74,0
SUP006,20150601,896.88,896.88,896.88,896.88,0
SUP006,20150602,895.67,895.67,895.67,895.67,0
SUP006,20150603,891.62,891.62,891.62,891.62,0
SUP006,20150605,886.59,886.59,886.59,886.59,0
SUP006,20150608,881.58,881.58,881.58,881.58,0
SUP006,20150609,875.41,875.41,875.41,875.41,0
SUP006,20150610,878.84,878.84,878.84,878.84,0
SUP006,20150611,879.15,879.15,879.15,879.15,0
SUP006,20150612,877.03,877.03,877.03,877.03,0
SUP006,20150615,875.26,875.26,875.26,875.26,0
SUP006,20150616,874.44,874.44,874.44,874.44,0
SUP006,20150617,870.98,870.98,870.98,870.98,0
SUP006,20150618,868.19,868.19,868.19,868.19,0
SUP006,20150622,871.14,871.14,871.14,871.14,0
SUP006,20150623,874.51,874.51,874.51,874.51,0
SUP006,20150624,875.82,875.82,875.82,875.82,0
SUP006,20150625,874.78,874.78,874.78,874.78,0
SUP006,20150626,873.00,873.00,873.00,873.00,0
SUP006,20150629,866.00,866.00,866.00,866.00,0
SUP006,20150630,863.92,863.92,863.92,863.92,0
SUP006,20150701,864.78,864.78,864.78,864.78,0
SUP006,20150702,866.34,866.34,866.34,866.34,0
SUP006,20150703,865.69,865.69,865.69,865.69,0
SUP006,20150706,864.17,864.17,864.17,864.17,0
SUP006,20150707,859.80,859.80,859.80,859.80,0
SUP006,20150708,855.01,855.01,855.01,855.01,0
SUP006,20150709,855.83,855.83,855.83,855.83,0
SUP006,20150710,861.51,861.51,861.51,861.51,0
SUP006,20150713,867.11,867.11,867.11,867.11,0
SUP006,20150714,868.57,868.57,868.57,868.57,0
SUP006,20150715,869.28,869.28,869.28,869.28,0
SUP006,20150716,875.63,875.63,875.63,875.63,0
SUP006,20150717,877.50,877.50,877.50,877.50,0
SUP006,20150720,876.29,876.29,876.29,876.29,0
SUP006,20150721,875.94,875.94,875.94,875.94,0
SUP006,20150722,866.07,866.07,866.07,866.07,0
SUP006,20150723,865.45,865.45,865.45,865.45,0
SUP006,20150724,866.27,866.27,866.27,866.27,0
SUP006,20150727,865.61,865.61,865.61,865.61,0
SUP006,20150728,864.34,864.34,864.34,864.34,0
SUP006,20150729,867.39,867.39,867.39,867.39,0
SUP006,20150730,865.45,865.45,865.45,865.45,0
SUP006,20150731,869.94,869.94,869.94,869.94,0
SUP006,20150803,871.25,871.25,871.25,871.25,0
SUP006,20150804,875.42,875.42,875.42,875.42,0
SUP006,20150805,883.24,883.24,883.24,883.24,0
SUP006,20150806,879.79,879.79,879.79,879.79,0
SUP006,20150807,878.12,878.12,878.12,878.12,0
SUP006,20150810,880.21,880.21,880.21,880.21,0
SUP006,20150811,882.38,882.38,882.38,882.38,0
SUP006,20150812,877.94,877.94,877.94,877.94,0
SUP006,20150813,877.66,877.66,877.66,877.66,0
SUP006,20150814,876.56,876.56,876.56,876.56,0
SUP006,20150817,872.93,872.93,872.93,872.93,0
SUP006,20150818,871.56,871.56,871.56,871.56,0
SUP006,20150819,873.14,873.14,873.14,873.14,0
SUP006,20150820,875.15,875.15,875.15,875.15,0
SUP006,20150821,870.62,870.62,870.62,870.62,0
SUP006,20150824,845.92,845.92,845.92,845.92,0
SUP006,20150825,835.92,835.92,835.92,835.92,0
SUP006,20150826,836.14,836.14,836.14,836.14,0
SUP006,20150827,842.52,842.52,842.52,842.52,0
SUP006,20150828,846.26,846.26,846.26,846.26,0
SUP006,20150831,848.84,848.84,848.84,848.84,0
SUP006,20150901,843.10,843.10,843.10,843.10,0
SUP006,20150902,840.36,840.36,840.36,840.36,0
SUP006,20150903,844.89,844.89,844.89,844.89,0
SUP006,20150904,845.92,845.92,845.92,845.92,0
SUP006,20150907,843.93,843.93,843.93,843.93,0
SUP006,20150908,843.50,843.50,843.50,843.50,0
SUP006,20150909,845.20,845.20,845.20,845.20,0
SUP006,20150910,849.75,849.75,849.75,849.75,0
SUP006,20150911,849.45,849.45,849.45,849.45,0
SUP006,20150914,848.93,848.93,848.93,848.93,0
SUP006,20150915,850.09,850.09,850.09,850.09,0
SUP006,20150916,848.77,848.77,848.77,848.77,0
SUP006,20150917,851.79,851.79,851.79,851.79,0
SUP006,20150918,851.11,851.11,851.11,851.11,0
SUP006,20150921,850.64,850.64,850.64,850.64,0
SUP006,20150922,848.17,848.17,848.17,848.17,0
SUP006,20150923,844.14,844.14,844.14,844.14,0
SUP006,20150924,842.08,842.08,842.08,842.08,0
SUP006,20150925,842.21,842.21,842.21,842.21,0
SUP006,20150928,840.91,840.91,840.91,840.91,0
SUP006,20150929,838.06,838.06,838.06,838.06,0
SUP006,20150930,839.96,839.96,839.96,839.96,0
SUP006,20151001,841.60,841.60,841.60,841.60,0
SUP006,20151002,839.75,839.75,839.75,839.75,0
SUP006,20151005,843.26,843.26,843.26,843.26,0
SUP006,20151006,847.32,847.32,847.32,847.32,0
SUP006,20151007,850.35,850.35,850.35,850.35,0
SUP006,20151008,851.50,851.50,851.50,851.50,0
SUP006,20151009,853.75,853.75,853.75,853.75,0
SUP006,20151012,853.45,853.45,853.45,853.45,0
SUP006,20151013,851.09,851.09,851.09,851.09,0
SUP006,20151014,850.36,850.36,850.36,850.36,0
SUP006,20151015,852.51,852.51,852.51,852.51,0
SUP006,20151016,851.57,851.57,851.57,851.57,0
SUP006,20151019,851.71,851.71,851.71,851.71,0
SUP006,20151020,853.71,853.71,853.71,853.71,0
SUP006,20151021,852.54,852.54,852.54,852.54,0
SUP006,20151022,848.97,848.97,848.97,848.97,0
SUP006,20151023,846.27,846.27,846.27,846.27,0
SUP006,20151026,848.55,848.55,848.55,848.55,0
SUP006,20151027,850.20,850.20,850.20,850.20,0
SUP006,20151028,849.70,849.70,849.70,849.70,0
SUP006,20151029,845.31,845.31,845.31,845.31,0
SUP006,20151030,844.80,844.80,844.80,844.80,0
SUP006,20151102,846.82,846.82,846.82,846.82,0
SUP006,20151103,846.71,846.71,846.71,846.71,0
SUP006,20151104,847.60,847.60,847.60,847.60,0
SUP006,20151105,846.45,846.45,846.45,846.45,0
SUP006,20151106,844.30,844.30,844.30,844.30,0
SUP006,20151109,843.72,843.72,843.72,843.72,0
SUP006,20151110,842.46,842.46,842.46,842.46,0
SUP006,20151112,842.06,842.06,842.06,842.06,0
SUP006,20151113,839.23,839.23,839.23,839.23,0
SUP006,20151116,836.95,836.95,836.95,836.95,0
SUP006,20151117,837.60,837.60,837.60,837.60,0
SUP006,20151118,840.96,840.96,840.96,840.96,0
SUP006,20151119,840.87,840.87,840.87,840.87,0
SUP006,20151120,841.40,841.40,841.40,841.40,0
SUP006,20151123,839.38,839.38,839.38,839.38,0
SUP006,20151124,836.99,836.99,836.99,836.99,0
SUP006,20151125,835.81,835.81,835.81,835.81,0
SUP006,20151126,838.23,838.23,838.23,838.23,0
SUP006,20151127,836.49,836.49,836.49,836.49,0
SUP006,20151130,835.42,835.42,835.42,835.42,0
SUP006,20151201,835.67,835.67,835.67,835.67,0
SUP006,20151202,832.06,832.06,832.06,832.06,0
SUP006,20151203,829.70,829.70,829.70,829.70,0
SUP006,20151204,827.58,827.58,827.58,827.58,0
SUP006,20151207,825.99,825.99,825.99,825.99,0
SUP006,20151208,824.79,824.79,824.79,824.79,0
SUP006,20151209,819.13,819.13,819.13,819.13,0
SUP006,20151210,818.87,818.87,818.87,818.87,0
SUP006,20151211,814.48,814.48,814.48,814.48,0
SUP006,20151214,810.87,810.87,810.87,810.87,0
SUP006,20151215,810.69,810.69,810.69,810.69,0
SUP006,20151216,813.45,813.45,813.45,813.45,0
SUP006,20151217,817.91,817.91,817.91,817.91,0
SUP006,20151218,820.62,820.62,820.62,820.62,0
SUP006,20151221,821.56,821.56,821.56,821.56,0
SUP006,20151222,822.88,822.88,822.88,822.88,0
SUP006,20151223,823.23,823.23,823.23,823.23,0
SUP006,20151228,824.96,824.96,824.96,824.96,0
SUP006,20151229,826.52,826.52,826.52,826.52,0
SUP006,20151230,824.67,824.67,824.67,824.67,0
SUP006,20160104,819.48,819.48,819.48,819.48,0
SUP006,20160105,818.54,818.54,818.54,818.54,0
SUP006,20160107,816.32,816.32,816.32,816.32,0
SUP006,20160108,812.38,812.38,812.38,812.38,0
SUP006,20160111,810.38,810.38,810.38,810.38,0
SUP006,20160112,812.53,812.53,812.53,812.53,0
SUP006,20160113,814.88,814.88,814.88,814.88,0
SUP006,20160114,814.16,814.16,814.16,814.16,0
SUP006,20160115,814.37,814.37,814.37,814.37,0
SUP006,20160118,809.36,809.36,809.36,809.36,0
SUP006,20160119,807.39,807.39,807.39,807.39,0
SUP006,20160120,806.40,806.40,806.40,806.40,0
SUP006,20160121,803.82,803.82,803.82,803.82,0
SUP006,20160122,804.22,804.22,804.22,804.22,0
SUP006,20160125,808.33,808.33,808.33,808.33,0
SUP006,20160126,808.17,808.17,808.17,808.17,0
SUP006,20160127,806.97,806.97,806.97,806.97,0
SUP006,20160128,808.91,808.91,808.91,808.91,0
SUP006,20160129,809.77,809.77,809.77,809.77,0
SUP006,20160201,810.01,810.01,810.01,810.01,0
SUP006,20160202,808.41,808.41,808.41,808.41,0
SUP006,20160203,807.37,807.37,807.37,807.37,0
SUP006,20160204,811.02,811.02,811.02,811.02,0
SUP006,20160205,814.12,814.12,814.12,814.12,0
SUP006,20160208,812.91,812.91,812.91,812.91,0
SUP006,20160209,813.07,813.07,813.07,813.07,0
SUP006,20160210,809.53,809.53,809.53,809.53,0
