Name,Date,Open,High,Low,Close,Volume
UI_035,20141127,100.00,100.00,100.00,100.00,0
UI_035,20141128,100.00,100.00,100.00,100.00,0
UI_035,20141201,100.00,100.00,100.00,100.00,0
UI_035,20141202,100.01,100.01,100.01,100.01,0
UI_035,20141203,100.01,100.01,100.01,100.01,0
UI_035,20141204,100.01,100.01,100.01,100.01,0
UI_035,20141205,100.02,100.02,100.02,100.02,0
UI_035,20141208,100.04,100.04,100.04,100.04,0
UI_035,20141209,100.04,100.04,100.04,100.04,0
UI_035,20141210,100.05,100.05,100.05,100.05,0
UI_035,20141211,100.05,100.05,100.05,100.05,0
UI_035,20141212,100.06,100.06,100.06,100.06,0
UI_035,20141215,100.07,100.07,100.07,100.07,0
UI_035,20141216,100.08,100.08,100.08,100.08,0
UI_035,20141217,100.08,100.08,100.08,100.08,0
UI_035,20141218,100.09,100.09,100.09,100.09,0
UI_035,20141219,100.09,100.09,100.09,100.09,0
UI_035,20141222,100.10,100.10,100.10,100.10,0
UI_035,20141223,100.11,100.11,100.11,100.11,0
UI_035,20141229,100.13,100.13,100.13,100.13,0
UI_035,20141230,100.14,100.14,100.14,100.14,0
UI_035,20150102,100.15,100.15,100.15,100.15,0
UI_035,20150105,100.16,100.16,100.16,100.16,0
UI_035,20150107,100.17,100.17,100.17,100.17,0
UI_035,20150108,100.17,100.17,100.17,100.17,0
UI_035,20150109,100.15,100.15,100.15,100.15,0
UI_035,20150112,100.18,100.18,100.18,100.18,0
UI_035,20150113,99.82,99.82,99.82,99.82,0
UI_035,20150114,99.70,99.70,99.70,99.70,0
UI_035,20150115,99.63,99.63,99.63,99.63,0
UI_035,20150116,99.53,99.53,99.53,99.53,0
UI_035,20150119,99.54,99.54,99.54,99.54,0
UI_035,20150120,99.88,99.88,99.88,99.88,0
UI_035,20150121,99.90,99.90,99.90,99.90,0
UI_035,20150122,100.17,100.17,100.17,100.17,0
UI_035,20150123,100.26,100.26,100.26,100.26,0
UI_035,20150126,100.55,100.55,100.55,100.55,0
UI_035,20150127,100.65,100.65,100.65,100.65,0
UI_035,20150128,101.04,101.04,101.04,101.04,0
UI_035,20150129,100.64,100.64,100.64,100.64,0
UI_035,20150130,100.47,100.47,100.47,100.47,0
UI_035,20150202,100.73,100.73,100.73,100.73,0
UI_035,20150203,100.21,100.21,100.21,100.21,0
UI_035,20150204,100.44,100.44,100.44,100.44,0
UI_035,20150205,100.85,100.85,100.85,100.85,0
UI_035,20150206,100.62,100.62,100.62,100.62,0
UI_035,20150209,100.78,100.78,100.78,100.78,0
UI_035,20150210,100.49,100.49,100.49,100.49,0
UI_035,20150211,100.33,100.33,100.33,100.33,0
UI_035,20150212,100.79,100.79,100.79,100.79,0
UI_035,20150213,100.85,100.85,100.85,100.85,0
UI_035,20150216,101.19,101.19,101.19,101.19,0
UI_035,20150217,101.30,101.30,101.30,101.30,0
UI_035,20150218,101.27,101.27,101.27,101.27,0
UI_035,20150219,101.44,101.44,101.44,101.44,0
UI_035,20150220,101.46,101.46,101.46,101.46,0
UI_035,20150223,101.64,101.64,101.64,101.64,0
UI_035,20150224,101.82,101.82,101.82,101.82,0
UI_035,20150225,101.82,101.82,101.82,101.82,0
UI_035,20150226,101.96,101.96,101.96,101.96,0
UI_035,20150227,101.83,101.83,101.83,101.83,0
UI_035,20150302,101.91,101.91,101.91,101.91,0
UI_035,20150303,101.86,101.86,101.86,101.86,0
UI_035,20150304,102.09,102.09,102.09,102.09,0
UI_035,20150305,101.70,101.70,101.70,101.70,0
UI_035,20150306,101.67,101.67,101.67,101.67,0
UI_035,20150309,101.84,101.84,101.84,101.84,0
UI_035,20150310,101.51,101.51,101.51,101.51,0
UI_035,20150311,101.49,101.49,101.49,101.49,0
UI_035,20150312,100.91,100.91,100.91,100.91,0
UI_035,20150313,101.29,101.29,101.29,101.29,0
UI_035,20150316,101.58,101.58,101.58,101.58,0
UI_035,20150317,101.48,101.48,101.48,101.48,0
UI_035,20150318,102.09,102.09,102.09,102.09,0
UI_035,20150319,102.00,102.00,102.00,102.00,0
UI_035,20150320,102.48,102.48,102.48,102.48,0
UI_035,20150323,102.51,102.51,102.51,102.51,0
UI_035,20150324,102.73,102.73,102.73,102.73,0
UI_035,20150325,102.49,102.49,102.49,102.49,0
UI_035,20150326,102.51,102.51,102.51,102.51,0
UI_035,20150327,101.71,101.71,101.71,101.71,0
UI_035,20150330,101.75,101.75,101.75,101.75,0
UI_035,20150331,102.12,102.12,102.12,102.12,0
UI_035,20150401,102.25,102.25,102.25,102.25,0
UI_035,20150402,101.98,101.98,101.98,101.98,0
UI_035,20150407,101.80,101.80,101.80,101.80,0
UI_035,20150408,102.12,102.12,102.12,102.12,0
UI_035,20150409,102.51,102.51,102.51,102.51,0
UI_035,20150410,103.46,103.46,103.46,103.46,0
UI_035,20150413,103.63,103.63,103.63,103.63,0
UI_035,20150414,103.99,103.99,103.99,103.99,0
UI_035,20150415,103.85,103.85,103.85,103.85,0
UI_035,20150416,103.83,103.83,103.83,103.83,0
UI_035,20150417,103.92,103.92,103.92,103.92,0
UI_035,20150420,103.71,103.71,103.71,103.71,0
UI_035,20150421,103.46,103.46,103.46,103.46,0
UI_035,20150422,103.42,103.42,103.42,103.42,0
UI_035,20150423,104.56,104.56,104.56,104.56,0
UI_035,20150424,104.21,104.21,104.21,104.21,0
UI_035,20150427,104.57,104.57,104.57,104.57,0
UI_035,20150428,104.58,104.58,104.58,104.58,0
UI_035,20150429,104.52,104.52,104.52,104.52,0
UI_035,20150430,104.56,104.56,104.56,104.56,0
UI_035,20150504,104.52,104.52,104.52,104.52,0
UI_035,20150505,103.98,103.98,103.98,103.98,0
UI_035,20150506,104.74,104.74,104.74,104.74,0
UI_035,20150507,103.98,103.98,103.98,103.98,0
UI_035,20150508,103.75,103.75,103.75,103.75,0
UI_035,20150511,103.73,103.73,103.73,103.73,0
UI_035,20150512,104.36,104.36,104.36,104.36,0
UI_035,20150513,104.42,104.42,104.42,104.42,0
UI_035,20150514,104.13,104.13,104.13,104.13,0
UI_035,20150515,104.13,104.13,104.13,104.13,0
UI_035,20150518,104.30,104.30,104.30,104.30,0
UI_035,20150519,104.83,104.83,104.83,104.83,0
UI_035,20150520,105.03,105.03,105.03,105.03,0
UI_035,20150521,105.19,105.19,105.19,105.19,0
UI_035,20150522,105.15,105.15,105.15,105.15,0
UI_035,20150525,105.16,105.16,105.16,105.16,0
UI_035,20150526,105.16,105.16,105.16,105.16,0
UI_035,20150527,105.16,105.16,105.16,105.16,0
UI_035,20150528,104.94,104.94,104.94,104.94,0
UI_035,20150529,105.49,105.49,105.49,105.49,0
UI_035,20150601,105.38,105.38,105.38,105.38,0
UI_035,20150602,105.34,105.34,105.34,105.34,0
UI_035,20150603,105.43,105.43,105.43,105.43,0
UI_035,20150605,105.10,105.10,105.10,105.10,0
UI_035,20150608,105.08,105.08,105.08,105.08,0
UI_035,20150609,104.79,104.79,104.79,104.79,0
UI_035,20150610,104.49,104.49,104.49,104.49,0
UI_035,20150611,104.45,104.45,104.45,104.45,0
UI_035,20150612,104.82,104.82,104.82,104.82,0
UI_035,20150615,104.92,104.92,104.92,104.92,0
UI_035,20150616,104.68,104.68,104.68,104.68,0
UI_035,20150617,104.53,104.53,104.53,104.53,0
UI_035,20150618,104.57,104.57,104.57,104.57,0
UI_035,20150619,104.45,104.45,104.45,104.45,0
UI_035,20150622,104.82,104.82,104.82,104.82,0
UI_035,20150623,104.57,104.57,104.57,104.57,0
UI_035,20150624,105.10,105.10,105.10,105.10,0
UI_035,20150625,105.14,105.14,105.14,105.14,0
UI_035,20150626,105.06,105.06,105.06,105.06,0
UI_035,20150629,104.85,104.85,104.85,104.85,0
UI_035,20150630,104.53,104.53,104.53,104.53,0
UI_035,20150701,103.46,103.46,103.46,103.46,0
UI_035,20150702,103.90,103.90,103.90,103.90,0
UI_035,20150703,104.04,104.04,104.04,104.04,0
UI_035,20150706,104.07,104.07,104.07,104.07,0
UI_035,20150707,103.96,103.96,103.96,103.96,0
UI_035,20150708,103.72,103.72,103.72,103.72,0
UI_035,20150709,103.61,103.61,103.61,103.61,0
UI_035,20150710,102.87,102.87,102.87,102.87,0
UI_035,20150713,103.29,103.29,103.29,103.29,0
UI_035,20150714,103.77,103.77,103.77,103.77,0
UI_035,20150715,103.99,103.99,103.99,103.99,0
UI_035,20150716,104.43,104.43,104.43,104.43,0
UI_035,20150717,104.23,104.23,104.23,104.23,0
UI_035,20150720,104.40,104.40,104.40,104.40,0
UI_035,20150721,104.42,104.42,104.42,104.42,0
UI_035,20150722,104.35,104.35,104.35,104.35,0
UI_035,20150723,104.14,104.14,104.14,104.14,0
UI_035,20150724,103.86,103.86,103.86,103.86,0
UI_035,20150727,103.84,103.84,103.84,103.84,0
UI_035,20150728,103.13,103.13,103.13,103.13,0
UI_035,20150729,102.42,102.42,102.42,102.42,0
UI_035,20150730,103.09,103.09,103.09,103.09,0
UI_035,20150731,103.26,103.26,103.26,103.26,0
UI_035,20150803,103.26,103.26,103.26,103.26,0
UI_035,20150804,103.26,103.26,103.26,103.26,0
UI_035,20150805,103.24,103.24,103.24,103.24,0
UI_035,20150806,103.11,103.11,103.11,103.11,0
UI_035,20150807,103.58,103.58,103.58,103.58,0
UI_035,20150810,103.08,103.08,103.08,103.08,0
UI_035,20150811,103.06,103.06,103.06,103.06,0
UI_035,20150812,103.56,103.56,103.56,103.56,0
UI_035,20150813,103.09,103.09,103.09,103.09,0
UI_035,20150814,102.71,102.71,102.71,102.71,0
UI_035,20150817,102.80,102.80,102.80,102.80,0
UI_035,20150818,102.88,102.88,102.88,102.88,0
UI_035,20150819,103.17,103.17,103.17,103.17,0
UI_035,20150820,102.91,102.91,102.91,102.91,0
UI_035,20150821,102.53,102.53,102.53,102.53,0
UI_035,20150824,101.66,101.66,101.66,101.66,0
UI_035,20150825,100.67,100.67,100.67,100.67,0
UI_035,20150826,99.55,99.55,99.55,99.55,0
UI_035,20150827,99.61,99.61,99.61,99.61,0
UI_035,20150828,100.02,100.02,100.02,100.02,0
UI_035,20150831,101.05,101.05,101.05,101.05,0
UI_035,20150901,101.18,101.18,101.18,101.18,0
UI_035,20150902,100.99,100.99,100.99,100.99,0
UI_035,20150903,100.26,100.26,100.26,100.26,0
UI_035,20150904,100.64,100.64,100.64,100.64,0
UI_035,20150907,100.89,100.89,100.89,100.89,0
UI_035,20150908,100.48,100.48,100.48,100.48,0
UI_035,20150909,100.50,100.50,100.50,100.50,0
UI_035,20150910,101.19,101.19,101.19,101.19,0
UI_035,20150911,100.90,100.90,100.90,100.90,0
UI_035,20150914,101.21,101.21,101.21,101.21,0
UI_035,20150915,101.39,101.39,101.39,101.39,0
UI_035,20150916,101.30,101.30,101.30,101.30,0
UI_035,20150917,101.68,101.68,101.68,101.68,0
UI_035,20150918,101.74,101.74,101.74,101.74,0
UI_035,20150921,101.70,101.70,101.70,101.70,0
UI_035,20150922,101.17,101.17,101.17,101.17,0
UI_035,20150923,100.98,100.98,100.98,100.98,0
UI_035,20150924,100.59,100.59,100.59,100.59,0
UI_035,20150925,100.49,100.49,100.49,100.49,0
UI_035,20150928,100.11,100.11,100.11,100.11,0
UI_035,20150929,99.92,99.92,99.92,99.92,0
UI_035,20150930,99.04,99.04,99.04,99.04,0
UI_035,20151001,98.97,98.97,98.97,98.97,0
UI_035,20151002,99.58,99.58,99.58,99.58,0
UI_035,20151005,99.54,99.54,99.54,99.54,0
UI_035,20151006,99.83,99.83,99.83,99.83,0
UI_035,20151007,100.24,100.24,100.24,100.24,0
UI_035,20151008,100.15,100.15,100.15,100.15,0
UI_035,20151009,100.37,100.37,100.37,100.37,0
UI_035,20151012,100.49,100.49,100.49,100.49,0
UI_035,20151013,100.55,100.55,100.55,100.55,0
UI_035,20151014,100.70,100.70,100.70,100.70,0
UI_035,20151015,100.47,100.47,100.47,100.47,0
UI_035,20151016,100.51,100.51,100.51,100.51,0
UI_035,20151019,100.95,100.95,100.95,100.95,0
UI_035,20151020,101.19,101.19,101.19,101.19,0
UI_035,20151021,101.36,101.36,101.36,101.36,0
UI_035,20151022,101.34,101.34,101.34,101.34,0
UI_035,20151023,101.22,101.22,101.22,101.22,0
UI_035,20151026,101.69,101.69,101.69,101.69,0
UI_035,20151027,102.03,102.03,102.03,102.03,0
UI_035,20151028,102.26,102.26,102.26,102.26,0
UI_035,20151029,102.29,102.29,102.29,102.29,0
UI_035,20151030,102.27,102.27,102.27,102.27,0
UI_035,20151102,102.23,102.23,102.23,102.23,0
UI_035,20151103,102.30,102.30,102.30,102.30,0
UI_035,20151104,102.47,102.47,102.47,102.47,0
UI_035,20151105,102.51,102.51,102.51,102.51,0
UI_035,20151106,102.57,102.57,102.57,102.57,0
UI_035,20151109,102.67,102.67,102.67,102.67,0
UI_035,20151110,102.39,102.39,102.39,102.39,0
UI_035,20151112,103.90,103.90,103.90,103.90,0
UI_035,20151113,103.90,103.90,103.90,103.90,0
UI_035,20151116,101.71,101.71,101.71,101.71,0
UI_035,20151117,101.55,101.55,101.55,101.55,0
UI_035,20151118,101.70,101.70,101.70,101.70,0
UI_035,20151119,102.11,102.11,102.11,102.11,0
UI_035,20151120,102.41,102.41,102.41,102.41,0
UI_035,20151123,102.21,102.21,102.21,102.21,0
UI_035,20151124,102.47,102.47,102.47,102.47,0
UI_035,20151125,102.25,102.25,102.25,102.25,0
UI_035,20151126,102.12,102.12,102.12,102.12,0
UI_035,20151127,102.27,102.27,102.27,102.27,0
UI_035,20151130,102.40,102.40,102.40,102.40,0
UI_035,20151201,102.40,102.40,102.40,102.40,0
UI_035,20151202,102.33,102.33,102.33,102.33,0
UI_035,20151203,102.67,102.67,102.67,102.67,0
UI_035,20151204,102.27,102.27,102.27,102.27,0
UI_035,20151207,101.62,101.62,101.62,101.62,0
UI_035,20151208,101.96,101.96,101.96,101.96,0
UI_035,20151209,101.91,101.91,101.91,101.91,0
UI_035,20151210,101.85,101.85,101.85,101.85,0
UI_035,20151211,101.50,101.50,101.50,101.50,0
UI_035,20151214,101.65,101.65,101.65,101.65,0
UI_035,20151215,101.02,101.02,101.02,101.02,0
UI_035,20151216,100.82,100.82,100.82,100.82,0
UI_035,20151217,101.44,101.44,101.44,101.44,0
UI_035,20151218,101.58,101.58,101.58,101.58,0
UI_035,20151221,101.63,101.63,101.63,101.63,0
UI_035,20151222,101.20,101.20,101.20,101.20,0
UI_035,20151223,101.25,101.25,101.25,101.25,0
UI_035,20151228,101.35,101.35,101.35,101.35,0
UI_035,20151229,101.74,101.74,101.74,101.74,0
UI_035,20151230,101.63,101.63,101.63,101.63,0
UI_035,20160104,101.90,101.90,101.90,101.90,0
UI_035,20160105,101.90,101.90,101.90,101.90,0
UI_035,20160107,101.24,101.24,101.24,101.24,0
UI_035,20160108,100.56,100.56,100.56,100.56,0
UI_035,20160111,99.85,99.85,99.85,99.85,0
UI_035,20160112,99.35,99.35,99.35,99.35,0
UI_035,20160113,99.25,99.25,99.25,99.25,0
UI_035,20160114,99.47,99.47,99.47,99.47,0
UI_035,20160115,99.03,99.03,99.03,99.03,0
UI_035,20160118,99.05,99.05,99.05,99.05,0
UI_035,20160119,98.25,98.25,98.25,98.25,0
UI_035,20160120,98.04,98.04,98.04,98.04,0
UI_035,20160121,97.80,97.80,97.80,97.80,0
UI_035,20160122,97.62,97.62,97.62,97.62,0
UI_035,20160125,97.51,97.51,97.51,97.51,0
UI_035,20160126,97.88,97.88,97.88,97.88,0
UI_035,20160127,97.85,97.85,97.85,97.85,0
UI_035,20160128,97.84,97.84,97.84,97.84,0
UI_035,20160129,97.63,97.63,97.63,97.63,0
UI_035,20160201,97.55,97.55,97.55,97.55,0
UI_035,20160202,97.91,97.91,97.91,97.91,0
UI_035,20160203,98.00,98.00,98.00,98.00,0
UI_035,20160204,97.67,97.67,97.67,97.67,0
UI_035,20160205,97.52,97.52,97.52,97.52,0
UI_035,20160208,97.56,97.56,97.56,97.56,0
UI_035,20160209,97.17,97.17,97.17,97.17,0
UI_035,20160210,96.70,96.70,96.70,96.70,0
UI_035,20160211,96.54,96.54,96.54,96.54,0
