Name,Date,Open,High,Low,Close,Volume
UI_038,20150416,100.00,100.00,100.00,100.00,0
UI_038,20150417,100.00,100.00,100.00,100.00,0
UI_038,20150420,100.00,100.00,100.00,100.00,0
UI_038,20150421,100.00,100.00,100.00,100.00,0
UI_038,20150422,100.00,100.00,100.00,100.00,0
UI_038,20150423,100.01,100.01,100.01,100.01,0
UI_038,20150424,100.03,100.03,100.03,100.03,0
UI_038,20150427,100.04,100.04,100.04,100.04,0
UI_038,20150428,100.05,100.05,100.05,100.05,0
UI_038,20150429,100.06,100.06,100.06,100.06,0
UI_038,20150430,100.06,100.06,100.06,100.06,0
UI_038,20150504,100.07,100.07,100.07,100.07,0
UI_038,20150505,100.05,100.05,100.05,100.05,0
UI_038,20150506,100.02,100.02,100.02,100.02,0
UI_038,20150507,100.06,100.06,100.06,100.06,0
UI_038,20150508,100.07,100.07,100.07,100.07,0
UI_038,20150511,100.09,100.09,100.09,100.09,0
UI_038,20150512,100.06,100.06,100.06,100.06,0
UI_038,20150513,100.08,100.08,100.08,100.08,0
UI_038,20150514,100.10,100.10,100.10,100.10,0
UI_038,20150515,100.11,100.11,100.11,100.11,0
UI_038,20150518,100.11,100.11,100.11,100.11,0
UI_038,20150519,100.13,100.13,100.13,100.13,0
UI_038,20150520,100.12,100.12,100.12,100.12,0
UI_038,20150521,100.14,100.14,100.14,100.14,0
UI_038,20150522,100.14,100.14,100.14,100.14,0
UI_038,20150525,100.12,100.12,100.12,100.12,0
UI_038,20150526,100.14,100.14,100.14,100.14,0
UI_038,20150527,100.15,100.15,100.15,100.15,0
UI_038,20150528,100.14,100.14,100.14,100.14,0
UI_038,20150529,100.16,100.16,100.16,100.16,0
UI_038,20150601,100.18,100.18,100.18,100.18,0
UI_038,20150602,100.17,100.17,100.17,100.17,0
UI_038,20150603,100.18,100.18,100.18,100.18,0
UI_038,20150605,100.19,100.19,100.19,100.19,0
UI_038,20150608,100.21,100.21,100.21,100.21,0
UI_038,20150609,100.22,100.22,100.22,100.22,0
UI_038,20150610,100.21,100.21,100.21,100.21,0
UI_038,20150611,100.22,100.22,100.22,100.22,0
UI_038,20150612,100.23,100.23,100.23,100.23,0
UI_038,20150615,100.20,100.20,100.20,100.20,0
UI_038,20150616,100.22,100.22,100.22,100.22,0
UI_038,20150617,100.22,100.22,100.22,100.22,0
UI_038,20150618,100.24,100.24,100.24,100.24,0
UI_038,20150619,100.25,100.25,100.25,100.25,0
UI_038,20150622,100.26,100.26,100.26,100.26,0
UI_038,20150623,100.26,100.26,100.26,100.26,0
UI_038,20150624,100.26,100.26,100.26,100.26,0
UI_038,20150625,100.29,100.29,100.29,100.29,0
UI_038,20150626,100.29,100.29,100.29,100.29,0
UI_038,20150629,100.25,100.25,100.25,100.25,0
UI_038,20150630,100.26,100.26,100.26,100.26,0
UI_038,20150701,100.26,100.26,100.26,100.26,0
UI_038,20150702,100.26,100.26,100.26,100.26,0
UI_038,20150703,100.22,100.22,100.22,100.22,0
UI_038,20150706,100.17,100.17,100.17,100.17,0
UI_038,20150707,100.05,100.05,100.05,100.05,0
UI_038,20150708,99.85,99.85,99.85,99.85,0
UI_038,20150709,99.70,99.70,99.70,99.70,0
UI_038,20150710,99.91,99.91,99.91,99.91,0
UI_038,20150713,100.27,100.27,100.27,100.27,0
UI_038,20150714,100.40,100.40,100.40,100.40,0
UI_038,20150715,100.49,100.49,100.49,100.49,0
UI_038,20150716,100.56,100.56,100.56,100.56,0
UI_038,20150717,100.70,100.70,100.70,100.70,0
UI_038,20150720,100.85,100.85,100.85,100.85,0
UI_038,20150721,100.72,100.72,100.72,100.72,0
UI_038,20150722,100.42,100.42,100.42,100.42,0
UI_038,20150723,100.35,100.35,100.35,100.35,0
UI_038,20150724,100.18,100.18,100.18,100.18,0
UI_038,20150727,99.58,99.58,99.58,99.58,0
UI_038,20150728,99.41,99.41,99.41,99.41,0
UI_038,20150729,99.72,99.72,99.72,99.72,0
UI_038,20150730,100.01,100.01,100.01,100.01,0
UI_038,20150731,100.04,100.04,100.04,100.04,0
UI_038,20150803,100.16,100.16,100.16,100.16,0
UI_038,20150804,100.06,100.06,100.06,100.06,0
UI_038,20150805,100.17,100.17,100.17,100.17,0
UI_038,20150806,100.33,100.33,100.33,100.33,0
UI_038,20150807,100.10,100.10,100.10,100.10,0
UI_038,20150810,100.07,100.07,100.07,100.07,0
UI_038,20150811,100.24,100.24,100.24,100.24,0
UI_038,20150812,99.50,99.50,99.50,99.50,0
UI_038,20150813,99.69,99.69,99.69,99.69,0
UI_038,20150814,99.59,99.59,99.59,99.59,0
UI_038,20150817,99.70,99.70,99.70,99.70,0
UI_038,20150818,99.66,99.66,99.66,99.66,0
UI_038,20150819,99.39,99.39,99.39,99.39,0
UI_038,20150820,98.76,98.76,98.76,98.76,0
UI_038,20150821,97.86,97.86,97.86,97.86,0
UI_038,20150824,95.85,95.85,95.85,95.85,0
UI_038,20150825,94.99,94.99,94.99,94.99,0
UI_038,20150826,94.92,94.92,94.92,94.92,0
UI_038,20150827,96.14,96.14,96.14,96.14,0
UI_038,20150828,96.72,96.72,96.72,96.72,0
UI_038,20150831,96.63,96.63,96.63,96.63,0
UI_038,20150901,95.75,95.75,95.75,95.75,0
UI_038,20150902,95.07,95.07,95.07,95.07,0
UI_038,20150903,95.77,95.77,95.77,95.77,0
UI_038,20150904,95.38,95.38,95.38,95.38,0
UI_038,20150907,95.08,95.08,95.08,95.08,0
UI_038,20150908,95.40,95.40,95.40,95.40,0
UI_038,20150909,96.10,96.10,96.10,96.10,0
UI_038,20150910,95.58,95.58,95.58,95.58,0
UI_038,20150911,95.41,95.41,95.41,95.41,0
UI_038,20150914,95.51,95.51,95.51,95.51,0
UI_038,20150915,95.20,95.20,95.20,95.20,0
UI_038,20150916,95.80,95.80,95.80,95.80,0
UI_038,20150917,96.12,96.12,96.12,96.12,0
UI_038,20150918,95.90,95.90,95.90,95.90,0
UI_038,20150921,95.57,95.57,95.57,95.57,0
UI_038,20150922,95.14,95.14,95.14,95.14,0
UI_038,20150923,94.81,94.81,94.81,94.81,0
UI_038,20150924,94.56,94.56,94.56,94.56,0
UI_038,20150925,94.81,94.81,94.81,94.81,0
UI_038,20150928,94.50,94.50,94.50,94.50,0
UI_038,20150929,93.57,93.57,93.57,93.57,0
UI_038,20150930,94.01,94.01,94.01,94.01,0
UI_038,20151001,94.74,94.74,94.74,94.74,0
UI_038,20151002,94.67,94.67,94.67,94.67,0
UI_038,20151005,95.42,95.42,95.42,95.42,0
UI_038,20151006,95.85,95.85,95.85,95.85,0
UI_038,20151007,96.01,96.01,96.01,96.01,0
UI_038,20151008,96.02,96.02,96.02,96.02,0
UI_038,20151009,96.60,96.60,96.60,96.60,0
UI_038,20151012,96.51,96.51,96.51,96.51,0
UI_038,20151013,96.31,96.31,96.31,96.31,0
UI_038,20151014,96.11,96.11,96.11,96.11,0
UI_038,20151015,96.35,96.35,96.35,96.35,0
UI_038,20151016,96.82,96.82,96.82,96.82,0
UI_038,20151019,96.90,96.90,96.90,96.90,0
UI_038,20151020,96.64,96.64,96.64,96.64,0
UI_038,20151021,96.65,96.65,96.65,96.65,0
UI_038,20151022,96.56,96.56,96.56,96.56,0
UI_038,20151023,97.56,97.56,97.56,97.56,0
UI_038,20151026,97.87,97.87,97.87,97.87,0
UI_038,20151027,97.75,97.75,97.75,97.75,0
UI_038,20151028,97.65,97.65,97.65,97.65,0
UI_038,20151029,97.70,97.70,97.70,97.70,0
UI_038,20151030,97.41,97.41,97.41,97.41,0
UI_038,20151102,97.38,97.38,97.38,97.38,0
UI_038,20151103,97.84,97.84,97.84,97.84,0
UI_038,20151104,98.02,98.02,98.02,98.02,0
UI_038,20151105,98.04,98.04,98.04,98.04,0
UI_038,20151106,97.74,97.74,97.74,97.74,0
UI_038,20151109,97.72,97.72,97.72,97.72,0
UI_038,20151110,97.13,97.13,97.13,97.13,0
UI_038,20151112,97.25,97.25,97.25,97.25,0
UI_038,20151113,96.74,96.74,96.74,96.74,0
UI_038,20151116,96.41,96.41,96.41,96.41,0
UI_038,20151117,97.04,97.04,97.04,97.04,0
UI_038,20151118,97.01,97.01,97.01,97.01,0
UI_038,20151119,97.64,97.64,97.64,97.64,0
UI_038,20151120,97.57,97.57,97.57,97.57,0
UI_038,20151123,97.66,97.66,97.66,97.66,0
UI_038,20151124,97.31,97.31,97.31,97.31,0
UI_038,20151125,97.52,97.52,97.52,97.52,0
UI_038,20151126,97.72,97.72,97.72,97.72,0
UI_038,20151127,97.76,97.76,97.76,97.76,0
UI_038,20151130,97.72,97.72,97.72,97.72,0
UI_038,20151201,97.73,97.73,97.73,97.73,0
UI_038,20151202,97.93,97.93,97.93,97.93,0
UI_038,20151203,97.71,97.71,97.71,97.71,0
UI_038,20151204,96.47,96.47,96.47,96.47,0
UI_038,20151207,97.13,97.13,97.13,97.13,0
UI_038,20151208,96.53,96.53,96.53,96.53,0
UI_038,20151209,95.68,95.68,95.68,95.68,0
UI_038,20151210,95.54,95.54,95.54,95.54,0
UI_038,20151211,95.08,95.08,95.08,95.08,0
UI_038,20151214,94.57,94.57,94.57,94.57,0
UI_038,20151215,94.40,94.40,94.40,94.40,0
UI_038,20151216,95.11,95.11,95.11,95.11,0
UI_038,20151217,95.81,95.81,95.81,95.81,0
UI_038,20151218,95.26,95.26,95.26,95.26,0
UI_038,20151221,95.06,95.06,95.06,95.06,0
UI_038,20151222,94.78,94.78,94.78,94.78,0
UI_038,20151223,94.86,94.86,94.86,94.86,0
UI_038,20151228,94.85,94.85,94.85,94.85,0
UI_038,20151229,95.14,95.14,95.14,95.14,0
UI_038,20151230,95.23,95.23,95.23,95.23,0
UI_038,20160104,94.07,94.07,94.07,94.07,0
UI_038,20160105,93.57,93.57,93.57,93.57,0
UI_038,20160107,92.86,92.86,92.86,92.86,0
UI_038,20160108,92.52,92.52,92.52,92.52,0
UI_038,20160111,91.74,91.74,91.74,91.74,0
UI_038,20160112,91.97,91.97,91.97,91.97,0
UI_038,20160113,92.36,92.36,92.36,92.36,0
UI_038,20160114,91.21,91.21,91.21,91.21,0
UI_038,20160115,91.20,91.20,91.20,91.20,0
UI_038,20160118,90.53,90.53,90.53,90.53,0
UI_038,20160119,90.74,90.74,90.74,90.74,0
UI_038,20160120,90.31,90.31,90.31,90.31,0
UI_038,20160121,90.21,90.21,90.21,90.21,0
UI_038,20160122,90.76,90.76,90.76,90.76,0
UI_038,20160125,91.11,91.11,91.11,91.11,0
UI_038,20160126,90.68,90.68,90.68,90.68,0
UI_038,20160127,91.06,91.06,91.06,91.06,0
UI_038,20160128,90.98,90.98,90.98,90.98,0
UI_038,20160129,91.16,91.16,91.16,91.16,0
UI_038,20160201,91.91,91.91,91.91,91.91,0
UI_038,20160202,91.69,91.69,91.69,91.69,0
UI_038,20160203,91.14,91.14,91.14,91.14,0
UI_038,20160204,91.13,91.13,91.13,91.13,0
UI_038,20160205,91.15,91.15,91.15,91.15,0
UI_038,20160208,90.36,90.36,90.36,90.36,0
UI_038,20160209,89.61,89.61,89.61,89.61,0
UI_038,20160210,89.57,89.57,89.57,89.57,0
UI_038,20160211,89.27,89.27,89.27,89.27,0
